1009.74823	828.732849	61	61	1.5	1	0.302
999.745056	558.824951	61	61	1.5	1	0.302
1035.445557	433.64743	61	62	1.5	2	0.302
1026.668701	162.862961	63	65	1.5	2	0.302
967.121155	1046.753174	61	61	1.5	3	0.302
957.163208	770.949646	61	61	1.5	3	0.302
1003.290649	678.821716	61	61	1.5	4	0.302
992.011353	404.662415	61	63	1.5	4	0.302
1001.333008	809.196411	61	61	1.5	5	0.302
990.968689	547.984863	61	61	1.5	5	0.302
961.790588	850.715332	61	61	1.5	6	0.302
951.922424	588.290955	61	62	1.5	6	0.302
1010.151855	812.324707	61	61	1.5	7	0.302
999.093811	535.092468	61	61	1.5	7	0.302
1029.80249	719.195801	61	61	1.5	8	0.302
1018.585449	449.899445	62	62	1.5	8	0.302
1031.608398	688.531921	61	61	1.5	9	0.302
1020.324402	426.963348	62	62	1.5	9	0.302
1026.147583	618.140869	61	61	1.5	10	0.302
1016.769287	369.162659	62	62	1.5	10	0.302
1021.968506	504.93631	61	61	1.5	11	0.302
1012.470215	253.355118	62	63	1.5	11	0.302
1002.113464	635.860352	61	61	1.5	12	0.302
991.382324	368.055664	61	62	1.5	12	0.302
1002.455078	642.450195	60	61	1.5	13	0.302
993.028625	371.616547	61	62	1.5	13	0.302
998.346558	788.279358	61	61	1.5	14	0.302
988.045593	516.40741	62	62	1.5	14	0.302
1006.526123	659.113708	61	60	1.5	15	0.302
995.032837	388.313995	61	62	1.5	15	0.302
1031.262451	490.36618	61	62	1.5	16	0.302
1020.782898	219.391617	63	63	1.5	16	0.302
1043.20166	514.395874	61	62	1.5	17	0.302
1031.336914	242.969284	62	64	1.5	17	0.302
1009.366821	710.366455	60	61	1.5	18	0.302
999.255249	435.50119	62	62	1.5	18	0.302
947.520996	916.760315	62	62	1.5	19	0.302
1031.875488	791.067139	61	61	1.5	20	0.302
1021.066711	514.365906	61	62	1.5	20	0.302
970.131104	724.995789	57	59	1.55	1	0.302
961.945801	500.561249	58	59	1.55	1	0.302
956.312317	913.385681	58	58	1.55	2	0.302
948.646606	688.978638	58	58	1.55	2	0.302
989.086487	877.91925	58	59	1.55	3	0.302
980.026733	644.62384	59	58	1.55	3	0.302
985.296875	736.904907	58	58	1.55	4	0.302
976.175842	496.893036	58	59	1.55	4	0.302
958.774658	904.047607	58	59	1.55	5	0.302
949.558105	650.925171	58	59	1.55	5	0.302
962.535461	779.562744	58	59	1.55	6	0.302
953.560303	547.455261	58	60	1.55	6	0.302
993.66156	956.936218	58	59	1.55	7	0.302
984.727783	726.991638	59	59	1.55	7	0.302
976.584473	976.730469	58	59	1.55	8	0.302
967.045898	739.774353	59	59	1.55	8	0.302
1006.926453	785.461121	57	58	1.55	9	0.302
997.46582	554.246399	59	59	1.55	9	0.302
944.810913	929.317322	59	59	1.55	10	0.302
934.058105	671.937378	59	59	1.55	10	0.302
969.658508	878.50592	58	58	1.55	11	0.302
959.503235	625.148499	58	58	1.55	11	0.302
974.001526	1046.739258	59	59	1.55	12	0.302
964.631226	793.940247	58	59	1.55	12	0.302
1003.871948	856.141541	58	59	1.55	13	0.302
995.519897	601.917664	58	59	1.55	13	0.302
1004.158386	763.706665	58	58	1.55	14	0.302
994.772827	512.656738	58	59	1.55	14	0.302
998.846863	629.342834	58	60	1.55	15	0.302
989.348511	374.386047	58	60	1.55	15	0.302
952.348999	1015.008362	59	59	1.55	16	0.302
942.261963	764.302002	58	59	1.55	16	0.302
992.624695	849.909912	58	60	1.55	17	0.302
981.63324	592.504028	58	58	1.55	17	0.302
1011.758118	495.107971	57	57	1.55	18	0.302
1001.468994	242.771683	58	59	1.55	18	0.302
960.542542	657.512939	58	59	1.55	19	0.302
970.429626	916.263733	58	60	1.55	19	0.302
926.408936	910.792297	58	59	1.55	20	0.302
916.699951	674.014893	58	59	1.55	20	0.302
959.672668	903.946167	55	55	1.6	1	0.302
951.271484	667.93042	55	55	1.6	1	0.302
977.056152	1038.653442	55	55	1.6	2	0.302
967.875366	792.193115	56	55	1.6	2	0.302
948.460571	930.995239	55	55	1.6	3	0.302
940.427002	701.411621	56	55	1.6	3	0.302
927.755127	988.445007	55	56	1.6	4	0.302
918.77417	752.715393	55	55	1.6	4	0.302
953.685181	1000.257996	55	55	1.6	5	0.302
943.961365	761.686401	55	55	1.6	5	0.302
984.273315	967.958984	54	55	1.6	6	0.302
975.179382	726.733032	55	55	1.6	6	0.302
951.839294	832.274109	55	55	1.6	7	0.302
943.613403	613.611694	54	55	1.6	7	0.302
973.253967	950.815552	55	55	1.6	8	0.302
964.673218	721.141479	55	55	1.6	8	0.302
951.018921	961.171814	55	55	1.6	9	0.302
942.961426	724.972534	55	55	1.6	9	0.302
980.364868	774.359253	55	54	1.6	10	0.302
972.68866	558.395264	55	56	1.6	10	0.302
935.129272	831.93103	55	55	1.6	11	0.302
926.388672	590.639709	55	55	1.6	11	0.302
1004.156982	686.331421	55	55	1.6	12	0.302
995.904114	474.892548	55	55	1.6	12	0.302
960.188782	906.882385	54	55	1.6	13	0.302
952.911072	671.406372	55	55	1.6	13	0.302
960.653503	757.778564	56	55	1.6	14	0.302
953.037292	523.720398	55	56	1.6	14	0.302
965.174805	1156.43103	55	55	1.6	15	0.302
956.711365	919.590759	56	56	1.6	15	0.302
937.13739	1157.226929	55	56	1.6	16	0.302
959.79657	1080.314575	56	55	1.6	17	0.302
952.072571	841.837524	55	55	1.6	17	0.302
975.371521	677.043091	54	55	1.6	18	0.302
967.56189	442.482056	55	56	1.6	18	0.302
985	879.070129	55	55	1.6	19	0.302
976.59613	645.555725	55	55	1.6	19	0.302
973.129761	737.420593	55	55	1.6	20	0.302
965.90448	515.618652	55	55	1.6	20	0.302
967.996582	385.524475	52	52	1.65	1	0.302
958.141602	162.278641	53	55	1.65	1	0.302
925.340698	982.713989	52	52	1.65	2	0.302
918.150452	764.862488	52	52	1.65	2	0.302
981.745911	667.239319	52	52	1.65	3	0.302
973.114624	443.649414	52	52	1.65	3	0.302
942.470093	723.686768	52	52	1.65	4	0.302
933.65387	512.998535	52	53	1.65	4	0.302
919.798157	874.314453	51	53	1.65	5	0.302
911.548767	661.77533	52	53	1.65	5	0.302
929.872437	789.211914	51	52	1.65	6	0.302
921.620361	569.756348	52	52	1.65	6	0.302
933.441467	964.51709	52	52	1.65	7	0.302
925.980835	742.597412	52	52	1.65	7	0.302
987.116089	602.761047	51	52	1.65	8	0.302
978.671631	376.20163	52	53	1.65	8	0.302
953.971863	959.201721	53	52	1.65	9	0.302
946.833496	735.286804	52	52	1.65	9	0.302
975.000977	867.762207	51	52	1.65	10	0.302
968.142029	646.581055	52	52	1.65	10	0.302
954.525818	947.613281	52	52	1.65	11	0.302
947.250488	731.324646	52	53	1.65	11	0.302
942.301758	881.116943	52	53	1.65	12	0.302
936.229858	678.425293	51	52	1.65	12	0.302
965.944031	694.316284	51	52	1.65	13	0.302
958.71875	499.236053	52	52	1.65	13	0.302
973.211182	1010.942688	51	51	1.65	14	0.302
967.307129	813.614685	52	52	1.65	14	0.302
927.247437	914.044006	52	52	1.65	15	0.302
919.989014	701.958801	51	52	1.65	15	0.302
1005.092041	719.59552	51	52	1.65	16	0.302
998.177979	507.788361	52	52	1.65	16	0.302
981.946655	713.725403	51	53	1.65	17	0.302
973.475342	480.563843	52	53	1.65	17	0.302
953.631897	403.286346	52	52	1.65	18	0.302
946.399353	186.593719	52	54	1.65	18	0.302
989.776794	728.251587	52	53	1.65	19	0.302
982.635437	515.330322	52	54	1.65	19	0.302
947.694336	943.130859	52	53	1.65	20	0.302
938.813171	719.684937	52	55	1.65	20	0.302
982.77771	521.517944	47	49	1.7	1	0.302
976.246704	322.660797	48	49	1.7	1	0.302
1028.117065	408.656158	48	48	1.7	2	0.302
1019.621399	197.291092	49	50	1.7	2	0.302
994.592773	318.169769	48	48	1.7	3	0.302
986.786133	111.782127	51	53	1.7	3	0.302
982.939209	565.811462	47	49	1.7	4	0.302
974.971252	361.21051	49	49	1.7	4	0.302
1016.374512	614.374512	48	48	1.7	5	0.302
1009.159058	413.956665	49	49	1.7	5	0.302
946.702881	945.504456	49	48	1.7	6	0.302
939.630615	753.612488	49	48	1.7	6	0.302
1045.542603	593.972351	48	48	1.7	7	0.302
1039.432251	407.476135	48	50	1.7	7	0.302
969.341492	748.714783	49	49	1.7	8	0.302
963.237915	566.347778	49	49	1.7	8	0.302
976.53009	548.984253	48	49	1.7	9	0.302
969.568909	369.429443	48	50	1.7	9	0.302
1006.038208	334.283142	48	49	1.7	10	0.302
1000.112122	156.086029	49	51	1.7	10	0.302
957.949951	662.95105	49	49	1.7	11	0.302
951.876953	473.238373	49	49	1.7	11	0.302
990.484497	518.725891	48	48	1.7	12	0.302
982.652527	308.185272	49	49	1.7	12	0.302
973.778076	443.953369	47	49	1.7	13	0.302
966.617371	232.179947	49	50	1.7	13	0.302
1013.172302	263.127991	48	49	1.7	14	0.302
1007.065186	52.962696	52	60	1.7	14	0.302
1018.948486	412.31076	47	49	1.7	15	0.302
1013.032715	210.684006	49	50	1.7	15	0.302
1005.188843	416.814484	48	49	1.7	16	0.302
998.850769	215.488998	49	51	1.7	16	0.302
986.655029	472.529541	48	49	1.7	17	0.302
980.73938	270.807404	48	49	1.7	17	0.302
985.453369	467.926849	48	49	1.7	18	0.302
978.037415	263.467194	49	49	1.7	18	0.302
982.119873	421.380951	47	48	1.7	19	0.302
974.324707	215.266663	48	49	1.7	19	0.302
1020.036621	522.781311	48	48	1.7	20	0.302
1011.2901	317.247803	48	49	1.7	20	0.302
935.852539	725.178284	44	44	1.75	1	0.302
930.309998	552.892273	44	45	1.75	1	0.302
942.919067	918.659607	44	44	1.75	2	0.302
936.33313	731.976318	45	45	1.75	2	0.302
916.624451	1006.424316	45	44	1.75	3	0.302
910.736389	813.948181	45	45	1.75	3	0.302
970.11377	756.871582	45	44	1.75	4	0.302
964.255371	566.706726	44	45	1.75	4	0.302
977.715881	945.638428	44	44	1.75	5	0.302
971.031189	762.381409	45	44	1.75	5	0.302
946.877747	678.913391	45	45	1.75	6	0.302
942.318176	511.56192	45	44	1.75	6	0.302
962.921692	867.107239	45	45	1.75	7	0.302
958.613464	706.97583	44	45	1.75	7	0.302
923.936707	826.949341	44	45	1.75	8	0.302
919.108643	643.796448	44	44	1.75	8	0.302
981.213745	703.966736	45	45	1.75	9	0.302
974.765503	520.959534	44	45	1.75	9	0.302
991.997314	702.255188	43	44	1.75	10	0.302
982.955322	518.212891	45	45	1.75	10	0.302
965.486938	665.401062	44	44	1.75	11	0.302
957.632385	487.148743	44	45	1.75	11	0.302
971.375061	789.207397	45	44	1.75	12	0.302
963.643494	590.559631	44	44	1.75	12	0.302
952.793579	620.862366	45	44	1.75	13	0.302
946.627686	457.352051	45	45	1.75	13	0.302
979.180054	728.817261	45	45	1.75	14	0.302
974.198547	563.148071	45	45	1.75	14	0.302
972.926575	592.010803	44	45	1.75	15	0.302
967.642456	430.536987	44	44	1.75	15	0.302
954.754028	628.087585	45	44	1.75	16	0.302
950.032776	466.198029	45	45	1.75	16	0.302
959.226501	865.864929	45	44	1.75	17	0.302
954.584229	701.165894	45	45	1.75	17	0.302
969.705017	941.144226	44	45	1.75	18	0.302
964.315918	772.17926	44	45	1.75	18	0.302
918.439453	945.537659	44	44	1.75	19	0.302
912.902344	774.928223	44	45	1.75	19	0.302
963.312317	671.122925	44	44	1.75	20	0.302
958.558228	489.484711	44	46	1.75	20	0.302
917.660889	869.217407	40	41	1.8	1	0.302
912.899902	694.415039	41	42	1.8	1	0.302
950.742981	722.162476	40	42	1.8	2	0.302
945.094055	538.056274	40	42	1.8	2	0.302
939.346313	500.073883	40	41	1.8	3	0.302
933.940613	352.156647	41	42	1.8	3	0.302
935.272827	642.537659	40	42	1.8	4	0.302
929.330261	472.10495	40	41	1.8	4	0.302
913.029175	861.104919	40	42	1.8	5	0.302
905.925354	694.943787	41	41	1.8	5	0.302
900.155579	794.530151	41	40	1.8	6	0.302
893.312927	625.358643	40	42	1.8	6	0.302
918.49408	750.569519	40	42	1.8	7	0.302
911.372498	576.948975	40	42	1.8	7	0.302
922.860168	747.899475	41	41	1.8	8	0.302
916.250366	572.772949	40	42	1.8	8	0.302
928.656372	737.269043	40	42	1.8	9	0.302
922.675476	560.900391	40	42	1.8	9	0.302
903.4021	593.808105	40	41	1.8	10	0.302
897.092041	417.017792	41	41	1.8	10	0.302
932.046326	651.863403	40	42	1.8	11	0.302
928.119446	477.729248	41	42	1.8	11	0.302
902.074829	685.340149	41	42	1.8	12	0.302
897.164368	509.897552	41	44	1.8	12	0.302
920.653687	726.506775	40	42	1.8	13	0.302
915.170288	554.934204	41	42	1.8	13	0.302
906.585754	803.957703	41	41	1.8	14	0.302
900.55188	633.944275	41	42	1.8	14	0.302
934.071533	814.503174	41	42	1.8	15	0.302
927.957275	640.476685	40	42	1.8	15	0.302
956.716248	507.725006	40	40	1.8	16	0.302
949.932922	333.009247	41	43	1.8	16	0.302
946.138977	521.07666	40	41	1.8	17	0.302
940.191101	348.290955	41	42	1.8	17	0.302
918.904419	595.744873	41	41	1.8	18	0.302
913.852356	429.393158	41	42	1.8	18	0.302
946.284241	800.781921	40	42	1.8	19	0.302
939.575134	631.388062	40	42	1.8	19	0.302
928.126892	768.448059	40	42	1.8	20	0.302
923.544434	591.285461	40	42	1.8	20	0.302
1053.589111	550.815857	36	37	1.85	1	0.302
1049.60498	394.552032	36	36	1.85	1	0.302
1056.841064	420.616669	37	37	1.85	2	0.302
1050.460327	276.009552	36	38	1.85	2	0.302
1065.674561	462.201385	36	37	1.85	3	0.302
1060.775879	315.628998	36	38	1.85	3	0.302
1061.846802	707.534363	36	37	1.85	4	0.302
1057.057495	548.903137	37	37	1.85	4	0.302
1095.418579	629.402161	36	38	1.85	5	0.302
1091.567383	492.340973	37	38	1.85	5	0.302
1038.44458	547.393066	36	38	1.85	6	0.302
1034.92334	406.367218	37	37	1.85	6	0.302
1050.067017	643.074951	37	37	1.85	7	0.302
1045.541626	485.859344	36	37	1.85	7	0.302
1026.847412	569.584717	36	37	1.85	8	0.302
1023.657654	427.350037	37	37	1.85	8	0.302
1007.551636	491.486725	36	37	1.85	9	0.302
1004.330139	345.219452	36	38	1.85	9	0.302
1048.964111	672.851746	36	39	1.85	10	0.302
1042.956055	513.641235	37	37	1.85	10	0.302
1028.883911	561.295654	35	36	1.85	11	0.302
1023.106506	401.417236	37	37	1.85	11	0.302
1048.629883	748.506775	36	38	1.85	12	0.302
1045.057617	594.624756	37	37	1.85	12	0.302
1006.941406	875.802734	36	38	1.85	13	0.302
1001.101257	723.003845	36	37	1.85	13	0.302
1046.911377	680.683716	36	36	1.85	14	0.302
1040.374512	508.370697	37	38	1.85	14	0.302
1060.309082	668.737	36	38	1.85	15	0.302
1054.842651	520.320312	37	38	1.85	15	0.302
1020.272644	520.031494	36	37	1.85	16	0.302
1014.144653	363.085236	37	37	1.85	16	0.302
1063.842163	486.80835	36	37	1.85	17	0.302
1060.206299	332.825348	37	37	1.85	17	0.302
1035.124268	517.892395	36	37	1.85	18	0.302
1028.583374	365.398254	37	38	1.85	18	0.302
1097.0896	367.885101	37	38	1.85	19	0.302
1092.085693	218.228577	37	39	1.85	19	0.302
989.714294	638.525146	35	38	1.85	20	0.302
984.231506	482.341553	36	38	1.85	20	0.302
966.602417	374.415771	33	33	1.9	1	0.302
961.222595	230.155258	33	34	1.9	1	0.302
869.542419	611.098511	32	33	1.9	2	0.302
864.550964	465.972076	32	34	1.9	2	0.302
961.148682	502.668365	33	32	1.9	3	0.302
957.390747	356.223297	34	33	1.9	3	0.302
966.2677	412.203339	33	33	1.9	4	0.302
962.594604	258.652161	34	34	1.9	4	0.302
1003.0224	394.44458	33	32	1.9	5	0.302
998.99762	241.406967	33	35	1.9	5	0.302
997.309509	752.985474	33	33	1.9	6	0.302
994.370117	612.592224	33	33	1.9	6	0.302
1018.016785	727.0271	33	33	1.9	7	0.302
1014.138184	571.765076	33	33	1.9	7	0.302
980.895081	517.409851	33	33	1.9	8	0.302
977.521851	366.668701	32	34	1.9	8	0.302
996.08844	460.356171	32	32	1.9	9	0.302
991.977356	319.243134	33	34	1.9	9	0.302
988.060974	675.078369	33	33	1.9	10	0.302
983.517761	522.406372	33	33	1.9	10	0.302
991.37439	561.917908	33	33	1.9	11	0.302
986.568176	414.931244	34	33	1.9	11	0.302
984.432495	849.229248	33	32	1.9	12	0.302
979.223877	710.156189	33	32	1.9	12	0.302
988.922058	686.773499	33	33	1.9	13	0.302
985.523132	546.075439	32	33	1.9	13	0.302
1025.215576	532.867187	32	33	1.9	14	0.302
1021.594666	385.149261	33	33	1.9	14	0.302
1033.581665	484.351929	32	33	1.9	15	0.302
1030.728516	331.911621	33	33	1.9	15	0.302
1036.017578	606.358521	33	33	1.9	16	0.302
1032.346924	451.349396	33	33	1.9	16	0.302
1018.270874	565.514771	34	33	1.9	17	0.302
1013.46405	420.74527	33	33	1.9	17	0.302
1028.656006	752.753174	32	32	1.9	18	0.302
1023.411316	608.508179	32	32	1.9	18	0.302
1030.277588	585.913818	33	33	1.9	19	0.302
1024.193115	441.810638	33	35	1.9	19	0.302
1028.782959	631.12207	34	34	1.9	20	0.302
1034.153198	775.121338	33	33	1.9	20	0.302
974.289246	533.012268	31	31	1.95	1	0.302
969.133362	388.441345	31	32	1.95	1	0.302
995.346436	669.676575	31	32	1.95	2	0.302
991.97699	526.47229	31	32	1.95	2	0.302
1030.398682	438.65033	31	31	1.95	3	0.302
1025.587769	295.356384	32	32	1.95	3	0.302
945.027283	967.69989	31	31	1.95	4	0.302
941.565979	833.906128	30	31	1.95	4	0.302
965.461121	1038.145996	30	31	1.95	5	0.302
962.701233	915.095581	31	31	1.95	5	0.302
959.255798	691.403564	30	32	1.95	6	0.302
953.498657	557.198364	31	32	1.95	6	0.302
975.757507	636.417786	31	30	1.95	7	0.302
971.5896	504.041046	31	31	1.95	7	0.302
952.073364	817.751343	31	32	1.95	8	0.302
945.495972	678.520142	30	32	1.95	8	0.302
996.744507	805.237732	30	31	1.95	9	0.302
991.388916	668.089417	32	31	1.95	9	0.302
942.390564	961.256775	31	32	1.95	10	0.302
938.618286	819.928772	30	32	1.95	10	0.302
952.787842	787.036499	31	32	1.95	11	0.302
956.357605	923.255066	31	32	1.95	11	0.302
983.810913	985.023132	31	31	1.95	12	0.302
982.338318	847.753723	30	31	1.95	12	0.302
963.111694	731.060547	31	31	1.95	13	0.302
960.904724	596.51947	31	33	1.95	13	0.302
996.65448	864.83197	31	31	1.95	14	0.302
993.415222	729.901184	31	32	1.95	14	0.302
969.94989	643.749329	31	32	1.95	15	0.302
963.411072	489.07547	32	32	1.95	15	0.302
958.796143	750.73053	31	33	1.95	16	0.302
955.424683	614.602417	31	32	1.95	16	0.302
957.52771	634.162354	31	31	1.95	17	0.302
960.606689	766.12616	32	32	1.95	17	0.302
955.831055	437.895081	31	31	1.95	18	0.302
951.780151	302.605286	31	32	1.95	18	0.302
932.203247	794.368347	31	31	1.95	19	0.302
937.259888	915.125183	31	31	1.95	19	0.302
982.087402	539.818298	31	32	1.95	20	0.302
978.210876	419.707489	31	32	1.95	20	0.302
934.279907	473.835449	30	32	2	1	0.302
929.218079	340.462494	31	32	2	1	0.302
952.345093	694.773254	31	32	2	2	0.302
956.693298	835.277283	30	32	2	2	0.302
982.77887	487.579163	29	32	2	3	0.302
977.384216	334.341187	30	32	2	3	0.302
940.5578	584.967163	30	31	2	4	0.302
938.259155	451.684509	30	31	2	4	0.302
987.029358	383.886871	31	31	2	5	0.302
984.228394	251.785141	31	32	2	5	0.302
927.136353	834.258545	30	31	2	6	0.302
931.354126	962.583557	30	32	2	6	0.302
965.290161	625.684509	30	32	2	7	0.302
961.381165	484.607605	30	31	2	7	0.302
1001.619202	851.723572	31	30	2	8	0.302
998.283508	715.757385	31	31	2	8	0.302
942.953003	797.414551	29	32	2	9	0.302
939.20697	662.046143	30	31	2	9	0.302
818.608765	1068.401489	30	32	2	10	0.302
816.785706	958.826538	31	32	2	10	0.302
926.338501	627.428345	30	30	2	11	0.302
929.406738	740.704041	30	31	2	11	0.302
981.290161	385.615479	30	31	2	12	0.302
983.021057	501.812073	30	31	2	12	0.302
973.68866	465.517517	30	32	2	13	0.302
971.034607	350.739624	31	31	2	13	0.302
1004.426331	469.314453	30	30	2	14	0.302
1001.455933	353.815399	30	31	2	14	0.302
962.248962	628.665283	30	32	2	15	0.302
959.478271	514.490906	30	31	2	15	0.302
1000.025391	484.71228	29	31	2	16	0.302
1004.633789	617.954956	30	32	2	16	0.302
954.422546	324.518311	30	32	2	17	0.302
959.629761	462.108002	30	32	2	17	0.302
976.794006	625.715881	29	31	2	18	0.302
973.515625	512.566772	30	32	2	18	0.302
983.217346	726.485779	30	30	2	19	0.302
986.848083	839.486633	31	30	2	19	0.302
953.291809	549.2323	30	32	2	20	0.302
958.218018	666.59491	30	32	2	20	0.302
947.794739	506.331879	30	30	2	1	0.302
944.068115	380.952179	30	31	2	1	0.302
965.982605	433.001465	30	31	2	2	0.302
963.028259	324.752838	31	30	2	2	0.302
897.335266	448.074341	30	30	2	3	0.302
894.204529	336.553986	30	31	2	3	0.302
937.600586	567.68219	30	30	2	4	0.302
934.504333	433.132263	30	31	2	4	0.302
911.074951	482.221893	29	30	2	5	0.302
907.677551	344.9375	30	31	2	5	0.302
913.884583	379.836945	30	30	2	6	0.302
913.317017	269.412018	31	32	2	6	0.302
926.609497	469.681549	30	30	2	7	0.302
923.11615	335.335693	31	31	2	7	0.302
915.909485	399.660919	31	31	2	8	0.302
918.257874	527.914062	30	31	2	8	0.302
983.995667	381.902618	30	31	2	9	0.302
979.106445	256.071442	31	31	2	9	0.302
920.921204	501.272217	31	30	2	10	0.302
916.25	372.039764	30	31	2	10	0.302
953.759399	224.912384	30	31	2	11	0.302
949.770081	106.708031	33	34	2	11	0.302
905.944702	621.524048	30	30	2	12	0.302
911.1604	753.695068	30	30	2	12	0.302
924.995667	483.745697	30	30	2	13	0.302
920.45105	345.181549	30	31	2	13	0.302
965.135742	382.991425	31	31	2	14	0.302
961.709473	243.604752	31	30	2	14	0.302
940.870728	463.756317	30	30	2	15	0.302
944.48822	600.02948	30	30	2	15	0.302
931.31012	639.714478	30	30	2	16	0.302
926.797668	510.777466	30	30	2	16	0.302
968.537109	409.606995	30	30	2	17	0.302
966.488037	291.554138	31	31	2	17	0.302
959.866089	824.27948	30	30	2	18	0.302
955.411621	688.853638	30	29	2	18	0.302
944.090271	469.085876	30	31	2	19	0.302
938.34436	325.625549	30	30	2	19	0.302
950.310059	590.77002	30	30	2	20	0.302
944.391602	453.164734	30	30	2	20	0.302
935.18689	793.20874	29	31	2.05	1	0.302
931.872803	679.962402	29	31	2.05	1	0.302
985.268311	710.799133	30	31	2.05	2	0.302
981.519653	597.454163	30	31	2.05	2	0.302
923.638367	487.013184	30	31	2.05	3	0.302
928.356079	618.917175	30	31	2.05	3	0.302
921.104492	484.512329	30	30	2.05	4	0.302
918.201172	377.075256	30	31	2.05	4	0.302
933.936157	508.156738	29	32	2.05	5	0.302
931.528198	401.322723	30	31	2.05	5	0.302
923.692993	344.347198	30	31	2.05	6	0.302
919.940369	235.399445	29	32	2.05	6	0.302
935.102783	531.920715	30	31	2.05	7	0.302
931.512329	421.272858	30	30	2.05	7	0.302
892.088562	820.352661	30	30	2.05	8	0.302
888.862488	695.696106	30	31	2.05	8	0.302
952.553955	701.364441	30	31	2.05	9	0.302
950.082947	566.577881	29	30	2.05	9	0.302
887.072876	610.323608	29	31	2.05	10	0.302
891.302185	750.782715	30	31	2.05	10	0.302
939.931396	683.256958	30	30	2.05	11	0.302
935.700317	546.39624	30	31	2.05	11	0.302
939.971008	816.494202	30	30	2.05	12	0.302
934.981445	693.044312	29	31	2.05	12	0.302
906.454163	792.947571	30	31	2.05	13	0.302
908.812134	928.658936	30	31	2.05	13	0.302
959.994141	569.902161	29	31	2.05	14	0.302
957.1698	461.449921	29	31	2.05	14	0.302
927.737061	647.923218	29	31	2.05	15	0.302
925.266541	533.215027	29	32	2.05	15	0.302
981.662781	398.115326	30	30	2.05	16	0.302
978.076477	266.696869	30	30	2.05	16	0.302
913.433594	821.93866	30	31	2.05	17	0.302
909.146606	695.476074	30	30	2.05	17	0.302
890.284058	905.005737	30	31	2.05	18	0.302
886.35907	770.925598	30	31	2.05	18	0.302
913.709106	496.953705	30	31	2.05	19	0.302
909.330505	364.113464	30	30	2.05	19	0.302
954.285278	628.820618	30	30	2.05	20	0.302
950.424194	514.622437	30	30	2.05	20	0.302
906.61731	640.001465	30	31	2.1	1	0.302
910.004395	764.017517	29	31	2.1	1	0.302
913.285522	963.549866	29	30	2.1	2	0.302
909.873901	840.414429	30	31	2.1	2	0.302
964.159119	736.769348	30	31	2.1	3	0.302
966.653137	863.158203	30	31	2.1	3	0.302
929.837463	634.602295	30	30	2.1	4	0.302
926.196533	510.456635	30	31	2.1	4	0.302
894.004517	751.442627	30	30	2.1	5	0.302
892.110779	641.200623	29	31	2.1	5	0.302
922.15509	1057.023193	31	31	2.1	6	0.302
918.982605	951.01593	29	31	2.1	6	0.302
954.530212	569.649475	29	30	2.1	7	0.302
958.249634	674.703369	30	31	2.1	7	0.302
969.176453	712.839722	29	31	2.1	8	0.302
966.650085	609.108337	29	32	2.1	8	0.302
918.745605	688.485352	29	31	2.1	9	0.302
921.154419	791.7547	30	31	2.1	9	0.302
940.177917	764.445618	30	32	2.1	10	0.302
942.221436	867.065125	31	31	2.1	10	0.302
892.382263	854.188965	30	31	2.1	11	0.302
894.11908	958.269714	30	31	2.1	11	0.302
881.555725	689.616821	29	31	2.1	12	0.302
886.590698	827.746643	29	32	2.1	12	0.302
936.324585	1022.506531	30	30	2.1	13	0.302
933.503601	902.34436	30	31	2.1	13	0.302
962.511719	542.920837	30	31	2.1	14	0.302
964.699829	650.983887	30	31	2.1	14	0.302
951.893005	656.494812	29	31	2.1	15	0.302
950.694458	547.944458	30	31	2.1	15	0.302
890.784241	655.902344	29	32	2.1	16	0.302
894.870422	781.966492	29	31	2.1	16	0.302
888.179504	687.461426	29	30	2.1	17	0.302
891.128479	817.603699	29	30	2.1	17	0.302
913.803589	599.839294	30	32	2.1	18	0.302
916.624268	719.40387	30	30	2.1	18	0.302
898.563477	772.126953	29	31	2.1	19	0.302
895.421753	657.115051	29	30	2.1	19	0.302
947.094666	619.980042	29	30	2.1	20	0.302
950.530762	741.546936	28	30	2.1	20	0.302
1110.172363	456.714722	30	30	2.15	1	0.302
1106.241577	351.083954	30	29	2.15	1	0.302
1143.837524	567.682556	30	30	2.15	2	0.302
1138.370239	441.912537	30	31	2.15	2	0.302
1107.137207	414.525085	30	30	2.15	3	0.302
1103.895386	281.712219	30	30	2.15	3	0.302
1103.4104	724.834351	30	31	2.15	4	0.302
1099.857178	610.264893	30	30	2.15	4	0.302
1125.678467	562.788147	30	30	2.15	5	0.302
1122.075195	427.718292	29	31	2.15	5	0.302
1087.240356	497.631256	30	30	2.15	6	0.302
1085.06604	387.475769	29	30	2.15	6	0.302
1063.751831	462.41507	30	30	2.15	7	0.302
1061.57312	359.029236	29	31	2.15	7	0.302
1092.798462	544.428345	30	29	2.15	8	0.302
1089.374268	418.609467	30	30	2.15	8	0.302
1063.827148	439.313141	30	30	2.15	9	0.302
1058.298706	315.402588	30	31	2.15	9	0.302
1068.177856	334.139954	30	31	2.15	10	0.302
1072.371582	448.523956	30	30	2.15	10	0.302
1051.038452	479.920227	30	31	2.15	11	0.302
1046.395264	355.293518	30	30	2.15	11	0.302
1105.038086	424.364563	30	31	2.15	12	0.302
1101.167603	292.747803	30	30	2.15	12	0.302
1071.858643	366.970856	30	30	2.15	13	0.302
1069.851318	263.532471	29	30	2.15	13	0.302
1086.856689	507.678345	29	30	2.15	14	0.302
1088.708252	623.726318	29	30	2.15	14	0.302
1119.543823	347.678375	30	30	2.15	15	0.302
1115.731445	213.542664	30	32	2.15	15	0.302
1117.343018	274.764099	30	30	2.15	16	0.302
1115.18457	142.734299	32	34	2.15	16	0.302
1078.00293	412.476837	29	30	2.15	17	0.302
1081.403931	543.928467	30	30	2.15	17	0.302
1100.640869	613.985107	30	29	2.15	18	0.302
1096.352539	491.638641	30	30	2.15	18	0.302
1084.561523	417.211853	30	30	2.15	19	0.302
1081.180298	293.784454	29	30	2.15	19	0.302
1096.659668	212.521805	30	30	2.15	20	0.302
1091.178833	92.134453	33	35	2.15	20	0.302
1024.558105	463.362793	30	30	2.2	1	0.302
1027.855103	596.775024	29	30	2.2	1	0.302
966.107788	528.992493	30	30	2.2	2	0.302
970.133728	664.401184	29	30	2.2	2	0.302
1102.768433	364.556396	30	30	2.2	3	0.302
1100.018555	238.049927	30	31	2.2	3	0.302
1036.289307	541.185486	30	30	2.2	4	0.302
1032.392334	417.828705	30	31	2.2	4	0.302
1065.536133	507.32077	30	30	2.2	5	0.302
1062.706177	369.060822	30	30	2.2	5	0.302
1025.821655	617.914612	29	29	2.2	6	0.302
1023.776306	487.286774	30	30	2.2	6	0.302
1057.017822	425.213654	30	30	2.2	7	0.302
1053.359253	303.615845	30	30	2.2	7	0.302
1071.178589	679.774841	29	29	2.2	8	0.302
1068.550171	572.460571	30	30	2.2	8	0.302
1063.646851	554.202454	30	29	2.2	9	0.302
1060.502197	427.881561	30	30	2.2	9	0.302
1068.363037	676.078674	30	30	2.2	10	0.302
1069.44458	781.282959	30	31	2.2	10	0.302
1024.78894	655.233948	29	30	2.2	11	0.302
1027.491699	777.428345	30	30	2.2	11	0.302
1100.159546	338.203827	29	30	2.2	12	0.302
1103.785889	449.077698	30	31	2.2	12	0.302
1091.22644	488.083588	29	29	2.2	13	0.302
1087.117065	369.256744	31	29	2.2	13	0.302
1093.497803	280.04538	30	31	2.2	14	0.302
1090.202637	163.390732	31	32	2.2	14	0.302
1062.024536	554.052124	29	30	2.2	15	0.302
1060.898315	429.960541	30	31	2.2	15	0.302
1032.909302	397.374451	30	30	2.2	16	0.302
1029.719849	281.240936	30	30	2.2	16	0.302
1062.680786	956.269287	30	30	2.2	17	0.302
1066.61084	1071.858276	30	30	2.2	17	0.302
1054.733521	633.067383	30	29	2.2	18	0.302
1058.728394	770.001465	30	29	2.2	18	0.302
1062.90332	631.629883	30	30	2.2	19	0.302
1057.060181	486.021088	29	29	2.2	19	0.302
1093.186035	596.908508	30	30	2.2	20	0.302
1089.699097	468.252991	29	30	2.2	20	0.302
605.184448	886.074707	29	30	2.25	1	0.302
607.396057	1008.554199	29	31	2.25	1	0.302
1087.738159	315.557678	29	30	2.25	2	0.302
967.250427	566.77832	28	30	2.25	2	0.302
1025.765503	494.415924	29	30	2.25	3	0.302
1023.869324	361.986786	29	31	2.25	3	0.302
1053.222534	424.284882	30	30	2.25	4	0.302
1050.131592	300.251465	29	30	2.25	4	0.302
1031.064819	491.312225	29	30	2.25	5	0.302
1029.244873	372.244873	29	30	2.25	5	0.302
1026.301025	447.372589	29	30	2.25	6	0.302
1029.85437	573.781555	29	30	2.25	6	0.302
1010.023804	547.213989	29	30	2.25	7	0.302
1006.027893	419.747437	29	31	2.25	7	0.302
1052.158081	661.987976	29	30	2.25	8	0.302
1056.025146	775.428162	29	30	2.25	8	0.302
1030.665649	561.767151	30	31	2.25	9	0.302
1025.738525	444.343231	29	30	2.25	9	0.302
1011.70697	652.509033	30	30	2.25	10	0.302
1015.390137	779.626282	29	30	2.25	10	0.302
1002.384277	872.416016	30	32	2.25	11	0.302
998.237183	742.477356	29	31	2.25	11	0.302
1007.77478	647.585571	29	30	2.25	12	0.302
1005.409424	523.851257	30	31	2.25	12	0.302
1010.451538	645.825623	30	30	2.25	13	0.302
1014.024658	773.557983	29	31	2.25	13	0.302
990.838989	662.838989	30	30	2.25	14	0.302
992.506592	789.367126	30	30	2.25	14	0.302
1046.594604	489.35022	29	30	2.25	15	0.302
1043.007324	364.960419	30	30	2.25	15	0.302
998.618896	767.881104	30	32	2.25	16	0.302
1001.920288	891.374451	29	32	2.25	16	0.302
1011.928345	626.302979	29	32	2.25	17	0.302
1007.807983	503.243713	29	30	2.25	17	0.302
1012.599121	680.657227	29	30	2.25	18	0.302
1008.765564	580.083069	29	31	2.25	18	0.302
1016.17041	701.926086	30	31	2.25	19	0.302
1012.720398	579.797363	29	31	2.25	19	0.302
1046.023682	793.438538	29	30	2.25	20	0.302
1040.827148	669.553894	29	31	2.25	20	0.302
1018.669617	590.424133	30	30	2.3	1	0.302
1020.676086	696.652283	29	30	2.3	1	0.302
1022.697754	633.479675	29	30	2.3	2	0.302
1019.186279	523.132629	29	31	2.3	2	0.302
990.996948	600.735474	29	31	2.3	3	0.302
986.223572	475.555878	29	31	2.3	3	0.302
997.405029	743.264099	30	30	2.3	4	0.302
994.294983	618.852478	29	31	2.3	4	0.302
1028.58667	661.624451	29	31	2.3	5	0.302
1024.368042	537.755127	29	31	2.3	5	0.302
972.929321	486.696228	29	30	2.3	6	0.302
975.672668	611.76532	29	31	2.3	6	0.302
915.503906	658.656189	29	31	2.3	7	0.302
918.328125	789.043518	28	30	2.3	7	0.302
998.174255	737.807556	29	31	2.3	8	0.302
996.522888	636.316101	29	30	2.3	8	0.302
1015.290771	741.31897	30	31	2.3	9	0.302
1015.742981	855.677979	30	30	2.3	9	0.302
971.882507	865.531616	29	31	2.3	10	0.302
970.110596	755.252197	29	31	2.3	10	0.302
987.153259	636.967285	29	31	2.3	11	0.302
989.979187	755.695374	29	31	2.3	11	0.302
958.983643	698.441284	29	30	2.3	12	0.302
961.278503	816.76001	30	30	2.3	12	0.302
1033.001465	689.217529	29	31	2.3	13	0.302
1029.175415	574.158936	29	31	2.3	13	0.302
964.613098	626.910706	29	31	2.3	14	0.302
967.894836	728.891846	29	31	2.3	14	0.302
980.192749	786.107422	28	31	2.3	15	0.302
978.323975	684.886292	29	31	2.3	15	0.302
1005.858459	998.306396	29	30	2.3	16	0.302
1008.64447	1098.984863	29	30	2.3	16	0.302
1017.092834	663.990845	28	31	2.3	17	0.302
1021.300903	765.261414	29	31	2.3	17	0.302
1034.828979	756.989197	29	31	2.3	18	0.302
1030.629761	635.438538	29	31	2.3	18	0.302
1010.021851	662.2547	29	31	2.3	19	0.302
1006.1828	535.954712	29	31	2.3	19	0.302
991.077026	858.015076	29	31	2.3	20	0.302
987.741333	735.932312	29	31	2.3	20	0.302
979.273743	440.206848	29	31	2.35	1	0.302
975.190186	312.117371	30	32	2.35	1	0.302
921.998413	692.072205	29	30	2.35	2	0.302
919.857361	581.576904	28	30	2.35	2	0.302
948.1922	510.653107	29	30	2.35	3	0.302
945.153503	392.721527	29	31	2.35	3	0.302
974.318115	485.38205	28	32	2.35	4	0.302
972.139893	363.325897	30	32	2.35	4	0.302
936.455261	576.805542	29	31	2.35	5	0.302
938.722656	708.406799	29	31	2.35	5	0.302
965.081482	483.595551	29	32	2.35	6	0.302
961.123535	341.157349	29	31	2.35	6	0.302
1000.048096	819.645142	30	31	2.35	7	0.302
995.011902	694.73999	29	31	2.35	7	0.302
980.302002	718.559937	30	31	2.35	8	0.302
983.21106	843.869751	29	31	2.35	8	0.302
948.380371	610.557861	28	30	2.35	9	0.302
945.825989	487.771149	28	31	2.35	9	0.302
974.193787	635.906982	29	31	2.35	10	0.302
973.609924	535.891663	28	31	2.35	10	0.302
949.694336	637.326843	28	30	2.35	11	0.302
951.743408	759.560608	28	28	2.35	11	0.302
989.790527	545.310425	29	31	2.35	12	0.302
985.986633	411.200287	29	31	2.35	12	0.302
983.772705	598.13324	28	31	2.35	13	0.302
978.512756	474.739136	28	31	2.35	13	0.302
997.503723	423.013336	29	31	2.35	14	0.302
993.900269	299.7789	31	32	2.35	14	0.302
970.862732	633.917297	29	31	2.35	15	0.302
966.236633	507.801514	29	31	2.35	15	0.302
978.505676	552.777954	28	30	2.35	16	0.302
975.086792	419.840302	29	31	2.35	16	0.302
946.698181	853.446655	29	31	2.35	17	0.302
944.03772	739.840149	29	31	2.35	17	0.302
974.015381	806.714966	29	31	2.35	18	0.302
971.918823	689.695251	29	30	2.35	18	0.302
980.91864	798.892029	29	31	2.35	19	0.302
985.838013	916.219421	29	31	2.35	19	0.302
958.442261	588.808105	28	30	2.35	20	0.302
954.421082	458.888367	28	32	2.35	20	0.302
859.342285	608.778259	30	30	2.4	1	0.302
863.192017	735.14032	29	30	2.4	1	0.302
892.825439	542.650879	30	30	2.4	2	0.302
887.830139	413.463806	30	30	2.4	2	0.302
843.216919	642.161987	29	31	2.4	3	0.302
840.051147	520.934204	29	31	2.4	3	0.302
904.223389	751.510376	30	30	2.4	4	0.302
905.521362	868.746704	30	30	2.4	4	0.302
879.336304	574.120544	29	30	2.4	5	0.302
877.104736	444.594391	29	31	2.4	5	0.302
919.398254	551.880554	30	31	2.4	6	0.302
922.363098	664.553467	30	30	2.4	6	0.302
913.334839	828	30	30	2.4	7	0.302
909.07843	711.798828	29	29	2.4	7	0.302
966.153076	428.176819	30	30	2.4	8	0.302
961.894592	312.241577	29	30	2.4	8	0.302
933.394653	544.973267	30	31	2.4	9	0.302
929.985168	413.04599	29	30	2.4	9	0.302
924.872192	709.833557	29	31	2.4	10	0.302
922.140747	580.11853	29	30	2.4	10	0.302
884.569092	452.268951	29	31	2.4	11	0.302
887.343689	575.508118	29	30	2.4	11	0.302
957.67218	568.317322	30	30	2.4	12	0.302
953.870728	443.753357	30	30	2.4	12	0.302
931.868774	540.069397	29	29	2.4	13	0.302
926.882446	417.447906	29	30	2.4	13	0.302
869.682068	614.026855	29	29	2.4	14	0.302
872.417297	738.18158	30	30	2.4	14	0.302
936.598816	641.98645	30	29	2.4	15	0.302
933.537415	514.794922	30	30	2.4	15	0.302
895.014709	496.773193	29	31	2.4	16	0.302
891.451599	368.076233	30	31	2.4	16	0.302
908.814697	381.541168	30	30	2.4	17	0.302
905.362183	252.308807	30	30	2.4	17	0.302
924.1521	593.951782	29	29	2.4	18	0.302
921.751099	462.281677	29	30	2.4	18	0.302
910.520996	569.905396	29	30	2.4	19	0.302
915.277344	696.020996	29	29	2.4	19	0.302
898.852844	625.72522	29	30	2.4	20	0.302
895.580994	502.85437	30	29	2.4	20	0.302
1212.892334	733.140503	30	31	2.45	1	0.302
1215.234619	854.390015	30	32	2.45	1	0.302
1186.663208	751.825684	30	30	2.45	2	0.302
1182.772705	624.133423	29	30	2.45	2	0.302
1182.465576	499.007477	30	31	2.45	3	0.302
1184.988159	611.463806	29	32	2.45	3	0.302
1199.657837	534.272583	30	30	2.45	4	0.302
1203.239258	654.121094	30	29	2.45	4	0.302
1210.51123	737.32135	30	30	2.45	5	0.302
1207.913696	617.980652	29	30	2.45	5	0.302
1170.001465	955.125183	29	30	2.45	6	0.302
1167.362427	844.612427	30	30	2.45	6	0.302
1183.19104	720.138184	29	31	2.45	7	0.302
1181.776611	594.904236	30	31	2.45	7	0.302
1191.001465	606.852051	29	31	2.45	8	0.302
1193.236816	724.13678	30	31	2.45	8	0.302
1163.061401	602.354797	29	31	2.45	9	0.302
1158.864258	463.856934	29	31	2.45	9	0.302
1167.373169	399.4776	30	30	2.45	10	0.302
1170.891968	520.544373	30	30	2.45	10	0.302
1255.279541	740.523682	30	32	2.45	11	0.302
1252.369873	625.431274	30	30	2.45	11	0.302
1212.267212	583.520874	29	30	2.45	12	0.302
1216.580933	701.384827	30	30	2.45	12	0.302
1178.885986	553.832581	29	30	2.45	13	0.302
1173.989624	426.99115	29	31	2.45	13	0.302
1206.11084	681.617432	29	31	2.45	14	0.302
1202.66272	558.963196	31	30	2.45	14	0.302
1204.968628	496.735413	30	31	2.45	15	0.302
1200.745605	369.767639	30	31	2.45	15	0.302
1173.462769	535.077393	28	31	2.45	16	0.302
1171.653076	414.295441	30	30	2.45	16	0.302
1216.4552	500.286346	30	31	2.45	17	0.302
1215.4375	378.376465	29	31	2.45	17	0.302
1163.030029	735.250366	29	31	2.45	18	0.302
1166.43396	854.749268	30	31	2.45	18	0.302
1190.134644	758.230652	29	30	2.45	19	0.302
1186.912964	638.058044	30	30	2.45	19	0.302
1170.554077	831.714722	30	31	2.45	20	0.302
1168.768311	727.489746	31	30	2.45	20	0.302
1136.799072	723.044983	29	30	2.5	1	0.302
1139.022095	832.495605	29	30	2.5	1	0.302
1100.550049	584.351257	30	30	2.5	2	0.302
1103.842041	707.870361	30	31	2.5	2	0.302
1144.524292	645.949829	30	29	2.5	3	0.302
1146.855469	779.813232	29	30	2.5	3	0.302
1191.987915	558.948792	31	30	2.5	4	0.302
1194.840576	685.790955	29	30	2.5	4	0.302
1174.569824	701.505493	29	29	2.5	5	0.302
1177.726807	818.726868	29	30	2.5	5	0.302
1168.089111	591.096802	29	29	2.5	6	0.302
1164.145264	469.761963	29	30	2.5	6	0.302
1180.22522	609.786926	29	29	2.5	7	0.302
1176.63501	487.318237	30	30	2.5	7	0.302
1173.408081	579.588928	30	30	2.5	8	0.302
1170.908447	468.918762	29	30	2.5	8	0.302
1242.815918	473.025452	30	29	2.5	9	0.302
1239.227173	351.762543	29	30	2.5	9	0.302
1164.685425	565.954407	29	30	2.5	10	0.302
1167.341919	668.441772	30	30	2.5	10	0.302
1126.88855	661.984924	30	30	2.5	11	0.302
1124.706543	539.158691	30	30	2.5	11	0.302
1175.515137	745.462097	30	30	2.5	12	0.302
1174.072266	638.206299	29	29	2.5	12	0.302
1167.127808	806.360901	30	30	2.5	13	0.302
1170.096069	925.638123	30	30	2.5	13	0.302
1161.734497	514.642517	30	30	2.5	14	0.302
1164.672119	625.102356	30	30	2.5	14	0.302
1190.932495	1002.805237	29	29	2.5	15	0.302
1186.809204	883.603027	30	29	2.5	15	0.302
1165.46936	718.813477	28	29	2.5	16	0.302
1163.418823	602.53717	30	30	2.5	16	0.302
1157.881104	810.184448	29	29	2.5	17	0.302
1156.670654	688.165405	30	29	2.5	17	0.302
1145.098389	701.506836	29	30	2.5	18	0.302
1142.942993	582.626099	29	30	2.5	18	0.302
1174.682373	705.645874	30	29	2.5	19	0.302
1172.053223	590.794861	29	29	2.5	19	0.302
1174.477417	606.522583	30	30	2.5	20	0.302
1176.585327	713.775452	30	30	2.5	20	0.302
1154.721802	712.941345	29	30	2.55	1	0.302
1158.216064	833.119202	29	31	2.55	1	0.302
1095.419312	528.536377	28	30	2.55	2	0.302
1099.580444	647.533142	28	30	2.55	2	0.302
1108.902222	315.038513	30	29	2.55	3	0.302
1106.258545	216.190002	31	32	2.55	3	0.302
1124.97168	576.462708	29	30	2.55	4	0.302
1121.377075	469.506714	30	30	2.55	4	0.302
1134.125977	674.524719	30	30	2.55	5	0.302
1131.60144	562.214905	30	29	2.55	5	0.302
1158.642944	352.882965	30	30	2.55	6	0.302
1156.269897	235.308243	30	31	2.55	6	0.302
1114.904419	479.943298	29	29	2.55	7	0.302
1111.861816	356.606232	29	30	2.55	7	0.302
1123.359985	669.412659	30	30	2.55	8	0.302
1120.490356	552.467957	30	30	2.55	8	0.302
1120.944214	423.425842	29	30	2.55	9	0.302
1124.025269	530.841736	30	36	2.55	9	0.302
1198.811523	389.603851	29	30	2.55	10	0.302
1194.241821	284.433472	30	32	2.55	10	0.302
1167.508911	349.062134	30	31	2.55	11	0.302
1170.200317	452.620026	29	30	2.55	11	0.302
1143.805054	365.358307	29	30	2.55	12	0.302
1143.400269	268.468201	30	31	2.55	12	0.302
1161.511841	373.100586	30	31	2.55	13	0.302
1163.233521	476.790009	29	31	2.55	13	0.302
1114.4021	438.143494	29	30	2.55	14	0.302
1117.088867	556.139282	29	30	2.55	14	0.302
1161.105835	403.773529	30	30	2.55	15	0.302
1159.120239	305.815247	30	31	2.55	15	0.302
1125.967407	348.974854	29	31	2.55	16	0.302
1122.043213	235.099426	29	30	2.55	16	0.302
1155.687134	470.754486	30	30	2.55	17	0.302
1152.472534	333.812775	30	30	2.55	17	0.302
1168.354492	576.822754	29	29	2.55	18	0.302
1164.954956	445.959473	29	29	2.55	18	0.302
1111.10791	580.500732	29	30	2.55	19	0.302
1107.093872	454.667664	29	30	2.55	19	0.302
1183.900879	414.785492	29	30	2.55	20	0.302
1180.280029	317.224335	30	30	2.55	20	0.302
1048.459106	512.192444	29	31	2.6	1	0.302
1045.917114	395.304749	29	30	2.6	1	0.302
1059.161987	574.277283	29	31	2.6	2	0.302
1058.458008	461.389313	29	32	2.6	2	0.302
1072.908447	361.187592	30	31	2.6	3	0.302
1070.856323	240.525864	30	30	2.6	3	0.302
1091.671997	257.716553	30	31	2.6	4	0.302
1089.135864	135.861481	32	33	2.6	4	0.302
1075.863281	443.443756	29	32	2.6	5	0.302
1071.581421	309.875946	29	31	2.6	5	0.302
1090.732788	365.215637	29	31	2.6	6	0.302
1089.156128	242.654007	30	34	2.6	6	0.302
1090.41272	295.304749	30	31	2.6	7	0.302
1086.802124	178.874512	31	34	2.6	7	0.302
1003	417.419312	29	31	2.6	8	0.302
1000.901733	305.890167	29	31	2.6	8	0.302
1028.883423	109.462608	32	33	2.6	9	0.302
1034.382446	463.19574	28	31	2.6	10	0.302
1032.050903	350.908691	29	31	2.6	10	0.302
1035.088379	114.671448	33	36	2.6	11	0.302
1022.591003	180.567932	30	32	2.6	12	0.302
1019.042908	55.231171	35	38	2.6	12	0.302
1044.697876	303.584808	29	30	2.6	13	0.302
1047.827637	426.523041	29	30	2.6	13	0.302
1061.856079	96.686104	32	34	2.6	14	0.302
1075.243286	253.3414	30	33	2.6	15	0.302
1113.859863	1119.653442	29	30	2.6	15	0.302
1073.723145	50.92979	37	38	2.6	16	0.302
1074.676147	204.169739	31	31	2.6	17	0.302
1083.291016	1097.727417	29	30	2.6	17	0.302
1046.785767	248.837143	31	31	2.6	18	0.302
1127.309082	1185.092163	29	31	2.6	18	0.302
1003.780457	225.643066	29	32	2.6	19	0.302
1141.101074	1128.745972	29	30	2.6	19	0.302
1104.839722	349.360535	29	30	2.6	20	0.302
1100.456055	233.678467	30	31	2.6	20	0.302
1153.490479	643.082031	30	29	2.65	1	0.302
1156.833862	761.625427	29	30	2.65	1	0.302
1102.272461	989.464722	24	25	2.65	2	0.302
1105.703979	1104.087769	27	24	2.65	2	0.302
1030.182007	684.569946	29	30	2.65	3	0.302
1032.822144	804.866943	29	29	2.65	3	0.302
1073.285034	410.903961	30	29	2.65	4	0.302
1074.46814	504.229492	30	30	2.65	4	0.302
1045.119141	580.098022	29	30	2.65	5	0.302
1042.878418	472.12912	29	29	2.65	5	0.302
1087.502319	612.051147	30	30	2.65	6	0.302
1084.690063	494.94046	29	29	2.65	6	0.302
1047.853516	481.589111	29	30	2.65	7	0.302
1051.016479	594.890747	30	29	2.65	7	0.302
1047.382568	684.057251	30	30	2.65	8	0.302
1050.971558	784.461853	29	30	2.65	8	0.302
1064.710449	441.576172	29	30	2.65	9	0.302
1060.453491	303.929108	30	30	2.65	9	0.302
1045.49707	604.822388	30	31	2.65	10	0.302
1049.915039	742.141602	29	31	2.65	10	0.302
1094.300293	649.064575	29	30	2.65	11	0.302
1090.988037	522.610474	29	30	2.65	11	0.302
1104.876343	678.472107	29	30	2.65	12	0.302
1108.930664	804.475891	29	30	2.65	12	0.302
1048.458374	597.918335	30	29	2.65	13	0.302
1051.431152	717.35553	30	30	2.65	13	0.302
1130.922363	667.571655	29	30	2.65	14	0.302
1134.666138	777.067078	29	30	2.65	14	0.302
1047.606323	809.906494	28	31	2.65	15	0.302
1049.78186	924.566772	29	31	2.65	15	0.302
1097.027222	545.234497	29	30	2.65	16	0.302
1099.881348	662.427917	29	30	2.65	16	0.302
1020.765442	710.840576	30	31	2.65	17	0.302
1023.350098	819.364868	30	30	2.65	17	0.302
1069.283569	760.185547	30	30	2.65	18	0.302
1071.052368	863.673645	29	30	2.65	18	0.302
1075.491821	847.182251	30	31	2.65	19	0.302
1073.650391	745.201477	29	31	2.65	19	0.302
1119.767212	659.453735	29	31	2.65	20	0.302
1117.618286	551.548828	28	31	2.65	20	0.302
1137.599609	675.417114	28	29	2.7	1	0.302
1140.788574	781.086914	29	30	2.7	1	0.302
1347.325684	434.726898	29	27	2.7	2	0.302
1350.995361	557.440308	28	24	2.7	2	0.302
988.918213	823.923218	29	31	2.7	3	0.302
993.61084	940.727417	28	29	2.7	3	0.302
1075.977051	580.286743	28	29	2.7	4	0.302
1079.514526	696.16925	29	28	2.7	4	0.302
1010.17865	784.720703	29	31	2.7	5	0.302
1014.233643	915.284241	29	31	2.7	5	0.302
1065.702881	482.487183	29	30	2.7	6	0.302
1068.378174	588.892395	30	30	2.7	6	0.302
1073.354736	821.787476	30	31	2.7	7	0.302
1069.259521	708.859558	29	31	2.7	7	0.302
1119.853271	738.630249	29	30	2.7	8	0.302
1121.056641	841.360657	29	30	2.7	8	0.302
1039.133179	726.648621	29	31	2.7	9	0.302
1042.183838	857.972656	29	31	2.7	9	0.302
1022.305969	958.704468	29	31	2.7	10	0.302
1026.12854	1081.565674	29	31	2.7	10	0.302
978.653687	738.276428	28	30	2.7	11	0.302
976.038208	623.993652	28	30	2.7	11	0.302
1020.923706	697.241455	29	30	2.7	12	0.302
1018.548218	602.5271	29	30	2.7	12	0.302
1028.308594	763.456909	30	30	2.7	13	0.302
1032.380249	878.053894	30	30	2.7	13	0.302
1037.917236	598.243591	29	30	2.7	14	0.302
1040.780273	720.384155	29	30	2.7	14	0.302
1069.671753	863.638184	30	30	2.7	15	0.302
1072.520508	989.570557	28	30	2.7	15	0.302
1032.265503	829.241272	29	31	2.7	16	0.302
1028.588867	723.174683	28	32	2.7	16	0.302
1047.588013	1008.198486	30	31	2.7	17	0.302
1046.403198	913.630493	30	31	2.7	17	0.302
1074.610596	985.201904	28	30	2.7	18	0.302
1071.5	869.687134	28	30	2.7	18	0.302
1046.706665	1039.639771	28	31	2.7	19	0.302
1040.96228	923.530945	29	31	2.7	19	0.302
1026.386475	981.637573	29	30	2.7	20	0.302
1023.914429	866.016541	30	31	2.7	20	0.302
1049.781494	862.735413	29	30	2.75	1	0.302
1047.165405	744.70752	29	31	2.75	1	0.302
1037.380615	981.710327	30	30	2.75	2	0.302
1040.137451	1090.680908	29	31	2.75	2	0.302
1019.34668	755.71106	29	30	2.75	3	0.302
1022.081604	854.643188	28	31	2.75	3	0.302
1052.695679	486.536804	28	30	2.75	4	0.302
1056.368042	593.929016	28	31	2.75	4	0.302
997.68811	702.907593	28	29	2.75	5	0.302
993.91626	586.857117	28	32	2.75	5	0.302
998.563354	975.028198	28	30	2.75	6	0.302
995.700317	856.87616	30	31	2.75	6	0.302
1053.738647	646.516602	29	31	2.75	7	0.302
1048.501465	526.961182	30	31	2.75	7	0.302
1025.543335	869.433411	28	31	2.75	8	0.302
1022.870117	754.306641	29	32	2.75	8	0.302
1024.654419	744.196594	29	31	2.75	9	0.302
1023.168701	622.864746	29	31	2.75	9	0.302
1021.595947	614.538208	28	31	2.75	10	0.302
1019.006104	501.821106	29	31	2.75	10	0.302
1007.339355	721.926086	28	31	2.75	11	0.302
1009.951782	842.328308	29	30	2.75	11	0.302
1008.651489	666.240173	30	31	2.75	12	0.302
1010.813477	783.097168	29	31	2.75	12	0.302
1019.03302	870.99176	29	29	2.75	13	0.302
1016.670959	753.333862	28	31	2.75	13	0.302
1050.764282	774.828308	29	29	2.75	14	0.302
1048.259033	658.044556	29	30	2.75	14	0.302
1019.176453	824.055481	28	29	2.75	15	0.302
1016.707642	710.539856	30	30	2.75	15	0.302
1021.755005	597.323547	29	31	2.75	16	0.302
1018.104431	480.347168	29	31	2.75	16	0.302
1068.064331	851.088806	29	31	2.75	17	0.302
1063.7948	730.135254	28	31	2.75	17	0.302
988.10022	568.318298	28	25	2.75	18	0.302
984.864014	451.917633	27	28	2.75	18	0.302
1015.635925	719.333313	28	29	2.75	19	0.302
1013.131348	623.44989	28	29	2.75	19	0.302
1062.367798	818.257629	29	30	2.75	20	0.302
1058.549561	695.389893	28	29	2.75	20	0.302
1059.71521	363.349518	29	29	2.8	1	0.302
1061.348877	458.327972	28	28	2.8	1	0.302
1110.365356	547.798401	30	29	2.8	2	0.302
1107.516479	433.718323	30	29	2.8	2	0.302
1019.820679	579.237488	29	30	2.8	3	0.302
1022.845764	696.46582	29	30	2.8	3	0.302
1055.4198	884.6651	30	30	2.8	4	0.302
1052.967041	769.001587	29	29	2.8	4	0.302
1035.80249	639.001587	30	29	2.8	5	0.302
1038.829224	758.434753	29	29	2.8	5	0.302
994.715393	639.976685	29	29	2.8	6	0.302
995.716736	732.606812	30	29	2.8	6	0.302
988.657532	612.213806	30	29	2.8	7	0.302
985.429016	491.16745	28	31	2.8	7	0.302
1004.353821	598.943481	29	29	2.8	8	0.302
1002.104614	506.001587	29	29	2.8	8	0.302
965.356812	522.898926	30	30	2.8	9	0.302
967.581665	638.021362	30	29	2.8	9	0.302
1010.678955	610.229553	29	29	2.8	10	0.302
1013.119019	726.630188	29	29	2.8	10	0.302
1027.564819	609.581299	29	29	2.8	11	0.302
1023.109497	493.431366	28	29	2.8	11	0.302
1000.890869	632.889221	29	29	2.8	12	0.302
997.643188	517.748779	29	29	2.8	12	0.302
977.718811	610.58136	30	29	2.8	13	0.302
979.829712	723.6203	29	29	2.8	13	0.302
1019.832031	756.916016	29	29	2.8	14	0.302
1017.798767	662.294128	31	29	2.8	14	0.302
975.660889	596.39563	29	29	2.8	15	0.302
978.623657	688.964233	30	29	2.8	15	0.302
1019.609985	909.861938	29	30	2.8	16	0.302
1021.917664	1014.047913	29	30	2.8	16	0.302
1039.599731	584.299072	30	29	2.8	17	0.302
1042.787598	693.119873	30	29	2.8	17	0.302
1010.647827	664.152527	30	29	2.8	18	0.302
1012.852905	773.53833	29	30	2.8	18	0.302
1045.615356	480.312408	30	29	2.8	19	0.302
1044.093628	366.917328	29	30	2.8	19	0.302
1004.138184	878.981384	29	29	2.8	20	0.302
1000.831543	758.853149	29	29	2.8	20	0.302
964.028992	1081.079346	29	29	2.85	1	0.302
968.119141	1185.990967	30	29	2.85	1	0.302
1063.846069	280.621826	30	30	2.85	2	0.302
1068.805054	410.172424	30	31	2.85	2	0.302
990.066895	491.992401	29	30	2.85	3	0.302
986.529419	380.191559	30	30	2.85	3	0.302
990.533142	492.822815	30	29	2.85	4	0.302
987.620972	384.568573	30	30	2.85	4	0.302
930.479431	601.109619	30	30	2.85	5	0.302
933.350525	707.664673	30	29	2.85	5	0.302
988.811096	398.026978	29	29	2.85	6	0.302
990.45813	496.905212	29	29	2.85	6	0.302
962.364502	579.837646	29	29	2.85	7	0.302
963.700928	683.635925	30	30	2.85	7	0.302
942.819885	753.501526	29	29	2.85	8	0.302
946.963257	858.814697	29	29	2.85	8	0.302
936.426636	521.238037	30	30	2.85	9	0.302
932.34082	408.327362	29	30	2.85	9	0.302
990.459656	613.942566	28	31	2.85	10	0.302
989.053345	506.896332	29	29	2.85	10	0.302
998.489441	787.749268	30	29	2.85	11	0.302
995.880676	673.703918	30	30	2.85	11	0.302
975.098511	815.091064	29	30	2.85	12	0.302
971.678101	682.740662	30	30	2.85	12	0.302
963.614441	876.069153	30	30	2.85	13	0.302
959.383545	759.69104	30	29	2.85	13	0.302
1210.379761	629.636536	28	27	2.85	14	0.302
1205.89209	522.483215	29	28	2.85	14	0.302
980.515747	392.346313	30	30	2.85	15	0.302
976.738342	271.828491	30	30	2.85	15	0.302
906.825439	672.016846	29	29	2.85	16	0.302
905.041321	561.13324	29	29	2.85	16	0.302
1018.747681	463.947052	29	30	2.85	17	0.302
1021.173645	575.595337	29	30	2.85	17	0.302
929.788086	642.449707	29	30	2.85	18	0.302
931.998474	750.372925	29	30	2.85	18	0.302
937.795105	592.752319	29	29	2.85	19	0.302
936.243958	481.30304	30	30	2.85	19	0.302
952.570557	516.086487	30	30	2.85	20	0.302
955.304565	637.80304	30	29	2.85	20	0.302
962.479004	509.126129	30	29	2.9	1	0.302
966.845032	624.16394	29	30	2.9	1	0.302
945.922363	610.866028	29	29	2.9	2	0.302
948.163391	729.090759	29	30	2.9	2	0.302
978.233459	579.618958	29	30	2.9	3	0.302
975.832336	460.621674	29	30	2.9	3	0.302
939.871765	830.15387	29	30	2.9	4	0.302
941.53009	943.375	30	30	2.9	4	0.302
945.184875	541.663635	29	30	2.9	5	0.302
943.119385	429.374634	29	30	2.9	5	0.302
981.025635	600.039246	29	30	2.9	6	0.302
977.667175	490.780609	29	30	2.9	6	0.302
952.602173	774.163818	30	29	2.9	7	0.302
948.965759	666.965759	29	29	2.9	7	0.302
996.266479	627.915771	29	29	2.9	8	0.302
994.844055	516.36731	30	30	2.9	8	0.302
975.252258	512.845337	29	30	2.9	9	0.302
973.070923	403.949768	29	31	2.9	9	0.302
1041.514038	301.235565	30	30	2.9	10	0.302
1038.724976	206.587387	30	31	2.9	10	0.302
674.172363	293.812592	30	32	2.9	11	0.302
670.9151	187.980988	32	33	2.9	11	0.302
995.661316	270.281738	30	30	2.9	12	0.302
992.369873	154.987671	31	32	2.9	12	0.302
955.157349	609.479553	29	29	2.9	13	0.302
957.945801	710.103943	29	29	2.9	13	0.302
967.529846	423.59552	30	30	2.9	14	0.302
962.877563	301.368744	29	30	2.9	14	0.302
923.91864	426.988159	29	29	2.9	15	0.302
919.806702	309.667145	29	31	2.9	15	0.302
969.727112	606.771362	30	29	2.9	16	0.302
965.925232	486.822113	30	30	2.9	16	0.302
939.292847	426.943848	29	29	2.9	17	0.302
937.625549	317.823181	30	30	2.9	17	0.302
956.557251	438.464111	30	29	2.9	18	0.302
960.70929	539.045654	30	29	2.9	18	0.302
934.882507	678.658447	29	30	2.9	19	0.302
931.509277	584.847229	30	29	2.9	19	0.302
1014.663086	543.686035	30	30	2.9	20	0.302
1013.791199	444.022705	29	29	2.9	20	0.302
1032.126709	602.995422	29	29	2.95	1	0.302
1036.939209	724.723389	29	30	2.95	1	0.302
999.149719	917.232056	29	30	2.95	2	0.302
1005.323914	1050.665649	29	30	2.95	2	0.302
1046.022583	926.348328	29	30	2.95	3	0.302
1050.61145	1047.385498	29	30	2.95	3	0.302
970.274109	268.766418	29	28	2.95	4	0.302
1043.011719	850.198975	29	29	2.95	4	0.302
1099.073975	389.24472	30	29	2.95	5	0.302
1102.392456	500.745453	29	30	2.95	5	0.302
943.098145	800.280396	29	30	2.95	6	0.302
940.328186	683.798157	29	29	2.95	6	0.302
983.084961	406.58725	29	30	2.95	7	0.302
985.309082	496.596985	29	30	2.95	7	0.302
983.492126	561.714539	30	29	2.95	8	0.302
980.987549	447.595001	29	29	2.95	8	0.302
964.332825	558.884521	29	30	2.95	9	0.302
965.932434	657.219238	29	30	2.95	9	0.302
954.0755	622.4823	29	30	2.95	10	0.302
950.165405	506.921906	29	29	2.95	10	0.302
1023.693481	569.75415	29	30	2.95	11	0.302
1020.357788	445.817352	30	30	2.95	11	0.302
936.325745	658.730591	30	29	2.95	12	0.302
933.747314	561.639282	30	29	2.95	12	0.302
960.718201	603.650818	30	30	2.95	13	0.302
957.151733	480.863434	29	29	2.95	13	0.302
961.659546	706.243164	29	30	2.95	14	0.302
957.239075	592.753357	29	30	2.95	14	0.302
911.353821	640.463257	30	30	2.95	15	0.302
913.781433	737.573364	30	30	2.95	15	0.302
980.580139	631.128235	30	30	2.95	16	0.302
978.774902	536.001526	29	30	2.95	16	0.302
912.942688	647.113098	29	30	2.95	17	0.302
914.781433	740.645203	29	30	2.95	17	0.302
987.375	659.689758	28	31	2.95	18	0.302
986.537537	564.105103	28	30	2.95	18	0.302
947.57489	793.015137	30	30	2.95	19	0.302
945.180847	695.527649	29	30	2.95	19	0.302
972.509033	546.15509	29	30	2.95	20	0.302
975.144165	646.831848	29	29	2.95	20	0.302
934.296021	691.719299	29	30	3	1	0.302
931.98938	575.18634	29	30	3	1	0.302
909.760864	530.403748	30	30	3	2	0.302
905.71228	432.027679	29	29	3	2	0.302
924.325745	394.601501	30	30	3	3	0.302
920.491943	292.029297	30	31	3	3	0.302
894.445618	573.3078	29	29	3	4	0.302
896.954224	694.125183	29	29	3	4	0.302
909.77417	796.517151	29	28	3	5	0.302
906.445801	680.193481	30	29	3	5	0.302
856.56543	673.823975	30	29	3	6	0.302
858.761108	767.741211	30	30	3	6	0.302
900.190308	630.74469	30	30	3	7	0.302
898.187988	512.606018	29	30	3	7	0.302
1006.390259	651.065857	29	29	3	8	0.302
1003.044678	539.488464	29	30	3	8	0.302
928.893311	577.369446	29	29	3	9	0.302
924.565796	460.668793	29	30	3	9	0.302
938.397583	582.348633	29	30	3	10	0.302
935.332825	471.099396	30	29	3	10	0.302
893.585388	779.390259	30	29	3	11	0.302
889.878967	664.511353	29	30	3	11	0.302
921.707397	488.782806	29	30	3	12	0.302
924.362427	605.127808	30	31	3	12	0.302
954.064636	631.449219	29	30	3	13	0.302
951.247314	513.634277	29	29	3	13	0.302
916.758484	697.530762	29	29	3	14	0.302
914.689148	598.090332	30	29	3	14	0.302
971.671326	631.888916	30	29	3	15	0.302
973.829529	724.593628	29	30	3	15	0.302
886.362366	750.408264	29	29	3	16	0.302
885.195129	660.885681	29	29	3	16	0.302
922.661438	793.970215	29	29	3	17	0.302
920.76886	703.824341	29	29	3	17	0.302
998.416565	529.190308	29	29	3	18	0.302
997.055725	439.312683	30	29	3	18	0.302
946.533142	360.563934	30	30	3	19	0.302
944.42627	242.039413	30	29	3	19	0.302
923.075989	446.947845	29	29	3	20	0.302
919.349548	331.140106	30	30	3	20	0.302
