1007.516418	1042.734741	104	106	0.3	1	0.302
1003.004028	455.421539	103	106	0.3	1	0.302
1043.300781	1029.051758	102	104	0.3	2	0.302
1037.961182	441.884613	103	106	0.3	2	0.302
1020.02771	1034.799561	105	107	0.3	3	0.302
1015.017761	448.25589	105	107	0.3	3	0.302
1009.890259	1019.25946	103	106	0.3	4	0.302
1003.135376	431.732208	104	107	0.3	4	0.302
1004.783569	1032.170776	104	107	0.3	5	0.302
1000.30603	444.56665	104	108	0.3	5	0.302
1015.860291	1057.394897	104	108	0.3	6	0.302
1011.993042	467.729584	106	108	0.3	6	0.302
1030.348022	1034.251587	104	107	0.3	7	0.302
1024.985962	442.812958	103	107	0.3	7	0.302
1058.327637	1041.896362	103	106	0.3	8	0.302
1054.375244	455.880341	104	107	0.3	8	0.302
1036.067749	1036.970825	104	105	0.3	9	0.302
1032.533447	447.744171	102	106	0.3	9	0.302
1020.463196	1050.8125	105	108	0.3	10	0.302
1014.78656	463.177734	104	107	0.3	10	0.302
1040.413452	1039.208618	104	107	0.3	11	0.302
1036.262817	451.996307	102	106	0.3	11	0.302
1047.61731	1019.114624	104	108	0.3	12	0.302
1042.201416	431.379578	104	107	0.3	12	0.302
1031.34729	1037.065063	103	106	0.3	13	0.302
1024.698486	448.912292	103	107	0.3	13	0.302
998.991699	1009.454651	106	108	0.3	14	0.302
995.504944	419.686584	104	108	0.3	14	0.302
999.636963	1020.764648	103	106	0.3	15	0.302
994.715454	430.286774	105	108	0.3	15	0.302
859.904419	983.400391	101	104	0.35	1	0.302
851.862671	426.622223	100	107	0.35	1	0.302
881.709167	970.264221	102	104	0.35	2	0.302
872.635864	409.747101	102	107	0.35	2	0.302
891.19751	1010.6875	101	104	0.35	3	0.302
883.040161	452.381897	101	108	0.35	3	0.302
873.731506	1032.449463	101	106	0.35	4	0.302
864.426697	473.876617	102	107	0.35	4	0.302
866.144836	1011.784973	100	105	0.35	5	0.302
856.484924	454.476685	101	105	0.35	5	0.302
836.594116	1024.548706	101	103	0.35	6	0.302
828.381348	463.871857	101	106	0.35	6	0.302
880.999207	1016.710083	101	103	0.35	7	0.302
871.678833	454.672089	101	105	0.35	7	0.302
870.934814	1016.276001	100	104	0.35	8	0.302
861.686646	452.70462	101	106	0.35	8	0.302
868.305908	1028.261963	102	104	0.35	9	0.302
858.85376	462.809235	101	106	0.35	9	0.302
837.434204	1031.596069	102	103	0.35	10	0.302
826.930359	468.738068	100	106	0.35	10	0.302
867.948853	1042.419067	101	101	0.35	11	0.302
858.766357	482.125214	101	106	0.35	11	0.302
873.987305	998.423218	101	104	0.35	12	0.302
866.182861	440.688751	102	108	0.35	12	0.302
872.392578	976.00885	102	103	0.35	13	0.302
863.378845	418.425537	102	108	0.35	13	0.302
870.422974	939.162415	100	104	0.35	14	0.302
862.812561	379.256561	101	110	0.35	14	0.302
864.046143	962.014526	101	103	0.35	15	0.302
854.703552	402.802856	101	106	0.35	15	0.302
1246.262817	945.095886	95	97	0.4	1	0.302
1233.341431	413.158661	97	100	0.4	1	0.302
1248.795776	944.679321	96	99	0.4	2	0.302
1236.134033	412.182526	96	101	0.4	2	0.302
1236.545776	963.620483	96	98	0.4	3	0.302
1225.398804	430.869324	96	99	0.4	3	0.302
1287.414795	953.028137	96	98	0.4	4	0.302
1275.166382	423.705139	96	100	0.4	4	0.302
1272.560425	893.517456	96	100	0.4	5	0.302
1263.568848	362.162811	96	102	0.4	5	0.302
1237.890747	958.339783	95	97	0.4	6	0.302
1225.812866	427.075745	95	97	0.4	6	0.302
1248.460449	960.705078	96	97	0.4	7	0.302
1235.981812	430.416351	95	98	0.4	7	0.302
1194.976807	1005.216614	95	97	0.4	8	0.302
1183.82959	474.610992	95	98	0.4	8	0.302
1230.4823	987.346191	96	98	0.4	9	0.302
1218.518921	459.506805	96	97	0.4	9	0.302
1250.005981	951.834167	96	96	0.4	10	0.302
1241.221802	423.538269	96	100	0.4	10	0.302
1251.349854	975.827881	96	98	0.4	11	0.302
1239.584229	446.270355	96	98	0.4	11	0.302
1251.547363	962.206177	95	97	0.4	12	0.302
1238.773804	431.260986	96	98	0.4	12	0.302
1280.059082	947.136169	96	99	0.4	13	0.302
1269.024414	415.433411	96	100	0.4	13	0.302
1220.881592	985.356506	95	97	0.4	14	0.302
1209.038208	452.456604	95	98	0.4	14	0.302
1247.180786	959.911987	95	98	0.4	15	0.302
1235.149658	429.116486	96	101	0.4	15	0.302
1191.263062	815.151001	93	95	0.45	1	0.302
1177.293457	316.291748	94	97	0.45	1	0.302
1220.467041	753.715698	93	95	0.45	2	0.302
1208.154297	254.998993	95	97	0.45	2	0.302
1229.241821	783.438599	92	95	0.45	3	0.302
1216.491943	284.008453	94	96	0.45	3	0.302
1185.410645	842.205627	93	96	0.45	4	0.302
1173.143433	342.001434	96	97	0.45	4	0.302
1188.216919	825.802673	94	95	0.45	5	0.302
1174.142944	325.270203	95	97	0.45	5	0.302
1142.008057	866.34021	95	97	0.45	6	0.302
1126.603271	364.658936	95	99	0.45	6	0.302
1194.673462	816.807312	94	95	0.45	7	0.302
1181.740112	314.990997	94	97	0.45	7	0.302
1209.484741	853.10083	93	96	0.45	8	0.302
1195.940308	351.384613	95	98	0.45	8	0.302
1216.608643	829.103333	95	96	0.45	9	0.302
1202.627808	329.436188	94	97	0.45	9	0.302
1199.716309	860.229614	95	97	0.45	10	0.302
1187.980713	360.471069	95	98	0.45	10	0.302
1179.342651	865.277161	93	96	0.45	11	0.302
1166.081299	365.193848	95	98	0.45	11	0.302
1199.71814	843.670166	93	95	0.45	12	0.302
1187.209839	343.27829	95	96	0.45	12	0.302
1200.603882	861.817444	95	97	0.45	13	0.302
1186.954956	359.959564	95	97	0.45	13	0.302
1190.615601	834.759583	95	97	0.45	14	0.302
1175.197754	332.178741	96	98	0.45	14	0.302
1231.168579	823.742615	92	96	0.45	15	0.302
1216.852173	321.488983	94	97	0.45	15	0.302
1152.887451	751.821716	89	90	0.5	1	0.302
1140.974121	280.459656	89	94	0.5	1	0.302
1166.695557	776.036377	88	90	0.5	2	0.302
1151.059814	303.528625	89	92	0.5	2	0.302
1178.411133	743.747009	89	91	0.5	3	0.302
1164.190186	272.770996	89	95	0.5	3	0.302
1159.399414	807.766602	88	90	0.5	4	0.302
1145.851196	336.305817	89	94	0.5	4	0.302
1158.460083	757.718018	89	91	0.5	5	0.302
1144.888794	286.721161	91	94	0.5	5	0.302
1195.267578	802.007507	89	92	0.5	6	0.302
1182.501099	331.818756	89	93	0.5	6	0.302
1191.568481	810.496277	88	90	0.5	7	0.302
1176.32019	338.063812	89	93	0.5	7	0.302
1161.231812	794.69751	88	91	0.5	8	0.302
1145.235962	322.669464	91	94	0.5	8	0.302
1125.355103	806.987427	88	90	0.5	9	0.302
1112.723267	333.783783	89	93	0.5	9	0.302
1153.414185	766.160706	89	90	0.5	10	0.302
1136.861694	291.67392	89	93	0.5	10	0.302
1149.902832	736.260559	88	91	0.5	11	0.302
1135.193726	264.904297	88	92	0.5	11	0.302
1168.651001	827.473877	89	91	0.5	12	0.302
1156.613281	356.622803	89	93	0.5	12	0.302
1177.374512	781.22229	88	92	0.5	13	0.302
1163.09375	311.9617	89	94	0.5	13	0.302
1144.332275	857.508362	88	90	0.5	14	0.302
1130.004272	386.580292	89	93	0.5	14	0.302
1137.388794	989.907959	90	92	0.5	15	0.302
1124.713745	516.41925	90	93	0.5	15	0.302
1118.394043	878.165466	84	87	0.55	1	0.302
1103.090942	435.59549	85	88	0.55	1	0.302
1163.71814	834.927063	84	87	0.55	2	0.302
1150.034912	395.236511	85	89	0.55	2	0.302
1188.78479	841.874268	84	86	0.55	3	0.302
1173.625854	401.100891	84	88	0.55	3	0.302
1151.584473	858.268921	84	85	0.55	4	0.302
1135.828491	417.88797	83	85	0.55	4	0.302
1123.969116	824.375427	85	89	0.55	5	0.302
1109.123657	382.148041	85	88	0.55	5	0.302
1168.320679	835.191467	84	87	0.55	6	0.302
1150.726807	393.94519	86	87	0.55	6	0.302
1156.561157	811.792603	84	88	0.55	7	0.302
1142.355103	372.572479	87	89	0.55	7	0.302
1129.695068	708.844299	85	87	0.55	8	0.302
1114.085937	268.023651	87	90	0.55	8	0.302
1129.429321	740.162415	84	87	0.55	9	0.302
1113.792725	300.461853	86	88	0.55	9	0.302
1111.69043	758.670105	84	86	0.55	10	0.302
1098.110352	318.291107	85	89	0.55	10	0.302
1159.19165	786.454407	84	86	0.55	11	0.302
1142.734009	344.749817	85	87	0.55	11	0.302
1163.239502	738.075684	85	87	0.55	12	0.302
1146.880005	297.143494	86	89	0.55	12	0.302
1120.55835	736.847107	84	87	0.55	13	0.302
1105.074951	294.274902	85	87	0.55	13	0.302
1101.410278	782.380615	84	86	0.55	14	0.302
1085.782959	340.337646	84	88	0.55	14	0.302
1121.316772	759.136414	85	87	0.55	15	0.302
1107.641602	317.871979	87	88	0.55	15	0.302
863.022705	877.156921	79	81	0.6	1	0.302
852.271301	467.517609	80	82	0.6	1	0.302
868.966003	790.948486	79	80	0.6	2	0.302
852.783081	379.157257	80	82	0.6	2	0.302
885.210876	856.477112	80	81	0.6	3	0.302
872.161804	445.514465	80	81	0.6	3	0.302
868.938171	839.374329	79	80	0.6	4	0.302
853.388062	427.802216	80	84	0.6	4	0.302
838.277954	871.713501	80	80	0.6	5	0.302
821.305908	460.831635	81	82	0.6	5	0.302
851.979187	871.947083	80	81	0.6	6	0.302
839.121033	461.866699	80	83	0.6	6	0.302
892.961182	912.260864	81	82	0.6	7	0.302
877.982788	503.090393	81	84	0.6	7	0.302
892.747803	890.006226	81	82	0.6	8	0.302
879.672974	477.888306	80	85	0.6	8	0.302
913.982788	886.084961	81	80	0.6	9	0.302
899.896484	476.117371	80	83	0.6	9	0.302
872.770569	910.710937	81	84	0.6	10	0.302
857.147217	500.893585	81	84	0.6	10	0.302
851.688538	938.302734	81	81	0.6	11	0.302
836.830139	528.974792	81	86	0.6	11	0.302
877.362854	902.473938	80	80	0.6	12	0.302
862.67688	492.807373	80	81	0.6	12	0.302
883.223877	859.277466	80	81	0.6	13	0.302
869.10968	450.159088	81	82	0.6	13	0.302
884.580994	898.871155	80	81	0.6	14	0.302
869.248474	486.604828	80	81	0.6	14	0.302
892.811646	889.606628	80	81	0.6	15	0.302
874.859863	477.232147	79	81	0.6	15	0.302
838.891052	698.934509	75	77	0.65	1	0.302
823.272644	316.962189	76	79	0.65	1	0.302
798.35614	686.782227	76	81	0.65	2	0.302
785.317017	304.927429	78	82	0.65	2	0.302
821.759216	731.375916	76	78	0.65	3	0.302
807.569885	350.375122	77	78	0.65	3	0.302
1755.786377	509.44873	36	26	0.65	4	0.302
830.021729	714.226501	77	80	0.65	4	0.302
850.079163	710.227356	75	76	0.65	5	0.302
835.83728	328.100586	76	80	0.65	5	0.302
774.746277	672.848694	75	77	0.65	6	0.302
760.594971	292.408813	78	84	0.65	6	0.302
819.127441	698.258301	75	76	0.65	7	0.302
806.951111	315.588287	77	79	0.65	7	0.302
806.570557	748.586609	75	76	0.65	8	0.302
793.349976	363.677521	76	79	0.65	8	0.302
806.49646	746.113708	76	77	0.65	9	0.302
790.198364	364.372772	76	79	0.65	9	0.302
849.00769	640.722778	75	77	0.65	10	0.302
836.52179	259.247528	78	81	0.65	10	0.302
816.71582	683.174927	75	77	0.65	11	0.302
805.742371	305.435333	76	79	0.65	11	0.302
890.873535	715.197449	77	81	0.65	12	0.302
874.609436	335.44696	79	82	0.65	12	0.302
870.53656	673.300537	76	77	0.65	13	0.302
856.763062	294.935089	76	80	0.65	13	0.302
834.965698	643.653381	75	76	0.65	14	0.302
820.540588	263.126984	77	81	0.65	14	0.302
799.956848	677.049744	75	76	0.65	15	0.302
785.603027	293.994385	76	81	0.65	15	0.302
1035.399902	705.377075	71	72	0.7	1	0.302
1024.2677	350.338379	71	73	0.7	1	0.302
1053.239014	729.776001	71	72	0.7	2	0.302
1042.112061	377.059601	72	74	0.7	2	0.302
1668.862305	348.562744	25	24	0.7	3	0.302
1044.097778	681.804443	72	73	0.7	3	0.302
1053.133911	746.91449	72	75	0.7	4	0.302
1040.592407	393.121643	73	75	0.7	4	0.302
1068.044189	673.17572	72	73	0.7	5	0.302
1058.216431	322.290192	71	75	0.7	5	0.302
1110.677002	682.126892	70	72	0.7	6	0.302
1100.910645	328.520599	71	76	0.7	6	0.302
1038.571533	750.107117	72	73	0.7	7	0.302
1025.200195	395.243256	71	74	0.7	7	0.302
1105.553955	729.897461	70	72	0.7	8	0.302
1092.476929	375.10376	72	75	0.7	8	0.302
1073.008301	704.999207	71	71	0.7	9	0.302
1061.808228	350.791229	71	74	0.7	9	0.302
1100.963623	700.573364	73	76	0.7	10	0.302
1089.760376	347.740417	73	78	0.7	10	0.302
1196.092041	687.039246	71	75	0.7	11	0.302
1184.459595	335.495514	72	75	0.7	11	0.302
1017.301819	735.906433	70	73	0.7	12	0.302
1006.402405	382.914459	71	74	0.7	12	0.302
1049.057617	723.499634	71	72	0.7	13	0.302
1038.20813	370.50882	71	74	0.7	13	0.302
1058.31665	797.745056	72	72	0.7	14	0.302
1048.289795	442.836487	71	74	0.7	14	0.302
1024.344482	804.784241	72	74	0.7	15	0.302
1011.569824	450.183289	73	76	0.7	15	0.302
916.664368	932.525146	68	72	0.75	1	0.302
908.598145	607.021179	68	73	0.75	1	0.302
888.321289	981.470581	68	68	0.75	2	0.302
879.092102	656.464722	68	70	0.75	2	0.302
894.099976	864.978516	67	67	0.75	3	0.302
885.655701	541.464233	67	68	0.75	3	0.302
926.901978	908.158752	68	70	0.75	4	0.302
919.552124	585.244507	67	69	0.75	4	0.302
899.119202	970.764771	69	73	0.75	5	0.302
888.589417	645.611267	71	75	0.75	5	0.302
983.224976	939.237366	68	71	0.75	6	0.302
973.635254	616.326599	68	73	0.75	6	0.302
970.632935	886.814514	66	67	0.75	7	0.302
960.693848	560.052185	66	68	0.75	7	0.302
898.84729	918.927856	70	74	0.75	8	0.302
890.471008	596.318481	69	74	0.75	8	0.302
936.097839	932.824707	67	68	0.75	9	0.302
927.267456	606.870056	66	68	0.75	9	0.302
947.505005	943.950012	66	67	0.75	10	0.302
936.415955	618.690369	67	68	0.75	10	0.302
920.737427	609.969055	67	70	0.75	11	0.302
927.973328	936.770203	67	70	0.75	11	0.302
846.36554	1016.838379	67	70	0.75	12	0.302
836.55304	692.813477	67	69	0.75	12	0.302
1002.696899	944.247375	67	68	0.75	13	0.302
992.600952	619.975586	66	68	0.75	13	0.302
909.00116	910.350098	67	66	0.75	14	0.302
900.030151	583.036255	67	68	0.75	14	0.302
940.053162	974.90332	67	67	0.75	15	0.302
928.02124	648.670166	67	68	0.75	15	0.302
985.713562	965.792053	60	61	0.8	1	0.302
976.467712	670.762451	62	61	0.8	1	0.302
1064.375244	601.177124	61	64	0.8	2	0.302
1073.700195	896.08313	61	64	0.8	2	0.302
1033.140869	893.138428	60	62	0.8	3	0.302
1023.789795	597.635864	61	62	0.8	3	0.302
1006.873535	924.18811	61	61	0.8	4	0.302
996.954163	633.98999	61	61	0.8	4	0.302
951.20105	933.51532	62	65	0.8	5	0.302
944.193604	642.475342	63	65	0.8	5	0.302
1006.430298	928.363831	60	62	0.8	6	0.302
999.005127	636.942383	61	63	0.8	6	0.302
1066.370972	853.866455	61	61	0.8	7	0.302
1057.244141	562.776306	61	63	0.8	7	0.302
961.609009	898.923218	62	62	0.8	8	0.302
954.07135	605.910706	62	64	0.8	8	0.302
960.578186	973.382874	63	66	0.8	9	0.302
954.331421	676.450439	62	66	0.8	9	0.302
1061.838379	869.138367	62	61	0.8	10	0.302
1051.426392	575.40332	61	63	0.8	10	0.302
994.461304	968.420959	64	65	0.8	11	0.302
987.33844	675.46344	63	65	0.8	11	0.302
960.333984	1007.934937	62	64	0.8	12	0.302
951.456787	715.1026	63	64	0.8	12	0.302
911.959351	1014.566162	63	64	0.8	13	0.302
905.878357	722.236145	63	65	0.8	13	0.302
1017.549744	975.798645	60	62	0.8	14	0.302
1010.678772	684.709961	61	62	0.8	14	0.302
1034.660156	843.278564	60	62	0.8	15	0.302
1025.96814	551.768433	61	63	0.8	15	0.302
895.118347	718.026367	56	61	0.85	1	0.302
887.45343	456.406525	58	61	0.85	1	0.302
962.167664	702.809204	54	56	0.85	2	0.302
954.291077	440.632263	56	57	0.85	2	0.302
806.063538	736.167297	55	55	0.85	3	0.302
800.518127	472.803436	55	57	0.85	3	0.302
837.943542	777.416748	55	58	0.85	4	0.302
831.907593	514.745544	55	58	0.85	4	0.302
899.430908	755.14917	54	55	0.85	5	0.302
893.693237	492.291473	55	57	0.85	5	0.302
825.495422	707.573853	54	55	0.85	6	0.302
817.088074	443.4039	55	56	0.85	6	0.302
770.365662	796.1922	55	55	0.85	7	0.302
762.917358	532.501465	55	56	0.85	7	0.302
815.536255	740.657837	54	56	0.85	8	0.302
808.481384	479.032593	56	57	0.85	8	0.302
830.895691	780.386841	54	56	0.85	9	0.302
825.377441	517.310425	55	57	0.85	9	0.302
820.270447	850.284302	54	55	0.85	10	0.302
813.303772	585.446411	55	56	0.85	10	0.302
928.688477	807.837402	54	57	0.85	11	0.302
920.013916	545.288025	55	57	0.85	11	0.302
963.453613	657.964478	54	55	0.85	12	0.302
957.627197	396.856964	55	57	0.85	12	0.302
789.143005	828.854858	55	55	0.85	13	0.302
784.043579	566.49469	55	57	0.85	13	0.302
913.016541	698.69104	55	54	0.85	14	0.302
905.321472	436.979248	55	56	0.85	14	0.302
849.798889	727.306885	54	56	0.85	15	0.302
843.864929	464.307129	55	57	0.85	15	0.302
1064.755859	622.770447	54	56	0.9	1	0.302
1058.670288	390.525604	54	58	0.9	1	0.302
865.671875	767.714661	48	49	0.9	2	0.302
861.405212	534.934082	48	49	0.9	2	0.302
873.535828	688.172241	48	51	0.9	3	0.302
869.076355	458.093842	49	51	0.9	3	0.302
850.101074	716.931335	48	51	0.9	4	0.302
845.867859	483.705078	49	51	0.9	4	0.302
913.478638	677.45929	47	48	0.9	5	0.302
909.146301	446.358612	49	49	0.9	5	0.302
886.660461	725.34552	48	49	0.9	6	0.302
881.103943	492.189026	48	51	0.9	6	0.302
912.760742	709.931396	48	51	0.9	7	0.302
907.203979	476.257019	49	52	0.9	7	0.302
878.477356	647.299316	49	53	0.9	8	0.302
875.123108	415.466644	49	54	0.9	8	0.302
1707.860474	362.669769	24	21	0.9	9	0.302
870.994751	664.173584	50	52	0.9	9	0.302
910.858154	681.668823	48	51	0.9	10	0.302
904.440002	448.972931	48	52	0.9	10	0.302
860.849609	676.256042	49	51	0.9	11	0.302
855.272034	443.44812	48	52	0.9	11	0.302
896.710876	676.702942	48	49	0.9	12	0.302
890.710876	445.012543	49	49	0.9	12	0.302
829.178894	812.353882	47	50	0.9	13	0.302
824.887634	581.431458	48	50	0.9	13	0.302
884.487976	847.578979	48	52	0.9	14	0.302
878.994263	614.375366	49	51	0.9	14	0.302
919.305969	707.45459	48	50	0.9	15	0.302
913.117187	474.141724	49	51	0.9	15	0.302
1022.19104	825.693298	45	47	0.925	1	0.302
1017.184875	608.550964	47	49	0.925	1	0.302
1018.242249	790.218323	44	47	0.925	2	0.302
1013.655945	575.49939	45	46	0.925	2	0.302
992.403137	870.225037	44	46	0.925	3	0.302
989.515625	653.261597	44	46	0.925	3	0.302
1004.423096	816.700928	44	45	0.925	4	0.302
1001.060547	600.315735	45	45	0.925	4	0.302
1024.807373	707.472656	44	44	0.925	5	0.302
1021.950073	489.643005	45	46	0.925	5	0.302
1050.290771	773.802673	44	45	0.925	6	0.302
1045.700806	556.019836	44	46	0.925	6	0.302
1012.789856	794.19519	44	45	0.925	7	0.302
1007.365662	574.927917	45	45	0.925	7	0.302
1036.634399	610.148193	44	45	0.925	8	0.302
1033.287354	391.441132	45	47	0.925	8	0.302
1037.84436	684.651306	44	44	0.925	9	0.302
1034.641724	470.505127	45	46	0.925	9	0.302
1016.174561	879.072021	44	46	0.925	10	0.302
1012.403809	661.062012	44	45	0.925	10	0.302
1003.163147	771.61731	45	46	0.925	11	0.302
1000.557556	555.827087	44	46	0.925	11	0.302
1015.853455	636.264099	44	45	0.925	12	0.302
1012.552429	420.505127	44	46	0.925	12	0.302
992.705505	784.296509	45	45	0.925	13	0.302
987.382263	566.701355	46	46	0.925	13	0.302
1032.747192	763.115479	44	45	0.925	14	0.302
1030.566528	546.696289	46	46	0.925	14	0.302
1032.020996	750.473694	44	45	0.925	15	0.302
1026.985962	532.307129	45	46	0.925	15	0.302
967.992004	732.325317	41	45	0.95	1	0.302
965.198914	529.493713	43	45	0.95	1	0.302
967.515076	800.989685	40	42	0.95	2	0.302
961.882141	597.15564	41	42	0.95	2	0.302
968.170898	842.142151	41	41	0.95	3	0.302
965.288025	639.763977	41	42	0.95	3	0.302
1000.692017	607.464661	40	42	0.95	4	0.302
993.895569	403.19577	41	45	0.95	4	0.302
988.13147	717.264587	40	40	0.95	5	0.302
984.331787	511.976746	41	43	0.95	5	0.302
989.269958	828.486206	40	44	0.95	6	0.302
984.448303	623.023987	41	43	0.95	6	0.302
976.200134	817.216003	41	42	0.95	7	0.302
974.137695	615.071899	41	43	0.95	7	0.302
951.673523	707.343079	40	42	0.95	8	0.302
948.31012	504.603363	41	42	0.95	8	0.302
960.989563	788.795166	41	40	0.95	9	0.302
958.98468	586.982361	41	41	0.95	9	0.302
992.080383	848.112671	40	42	0.95	10	0.302
988.165161	643.351685	41	42	0.95	10	0.302
975.600464	852.666931	40	42	0.95	11	0.302
973.340332	649.453247	41	42	0.95	11	0.302
992.513489	645.493652	40	42	0.95	12	0.302
989.032593	441.330292	41	43	0.95	12	0.302
968.746704	757.264893	40	43	0.95	13	0.302
965.440002	553.248901	40	44	0.95	13	0.302
964.839783	832.661377	41	42	0.95	14	0.302
960.567688	627.828613	41	41	0.95	14	0.302
932.993591	839.62677	41	40	0.95	15	0.302
929.102539	633.232605	41	41	0.95	15	0.302
967.050354	640.966736	39	43	0.975	1	0.302
962.124329	451.789246	41	44	0.975	1	0.302
971.642761	766.102722	37	39	0.975	2	0.302
968.507324	578.161499	36	39	0.975	2	0.302
934.206299	644.357361	37	36	0.975	3	0.302
929.500916	453.407471	37	37	0.975	3	0.302
950.597229	668.056824	37	37	0.975	4	0.302
947.264709	475.467743	37	38	0.975	4	0.302
935.309387	667.789429	36	37	0.975	5	0.302
934.005615	478.090912	37	38	0.975	5	0.302
922.787964	696.252441	37	37	0.975	6	0.302
919.642639	505.072968	37	37	0.975	6	0.302
879.129395	636.516663	36	38	0.975	7	0.302
875.629883	447.427643	38	39	0.975	7	0.302
348.322723	197.781815	31	17	0.975	8	0.302
950.791565	650.008789	37	37	0.975	8	0.302
890.583252	551.454163	36	38	0.975	9	0.302
888.129272	363.184662	37	38	0.975	9	0.302
907.599426	582.076782	36	37	0.975	10	0.302
904.064148	393.089233	37	39	0.975	10	0.302
926.319824	513.575256	37	36	0.975	11	0.302
924.31842	324.569824	37	38	0.975	11	0.302
920.689331	581.754272	36	37	0.975	12	0.302
916.839233	392.78183	36	38	0.975	12	0.302
922.401367	562.105591	36	37	0.975	13	0.302
917.340576	372.027344	37	39	0.975	13	0.302
937.222351	593.271545	37	38	0.975	14	0.302
933.487488	403.010712	37	39	0.975	14	0.302
904.040588	394.778229	36	37	0.975	15	0.302
901.824524	207.567596	38	40	0.975	15	0.302
897.724365	793.992554	35	33	1	1	0.302
894.068909	614.560425	34	36	1	1	0.302
875.150757	789.401978	33	34	1	2	0.302
870.989319	612.843201	33	34	1	2	0.302
888.309631	684.986755	32	34	1	3	0.302
885.235657	507.662079	33	35	1	3	0.302
891.377625	640.900635	32	34	1	4	0.302
887.850952	460.661957	33	34	1	4	0.302
889.18512	835.739136	33	33	1	5	0.302
884.421936	657.814087	33	33	1	5	0.302
861.529419	662.476562	33	35	1	6	0.302
856.917542	483.002319	33	35	1	6	0.302
834.148987	679.379333	33	33	1	7	0.302
828.654114	501.963531	33	35	1	7	0.302
843.868225	633.440857	32	34	1	8	0.302
840.154724	457.134827	33	35	1	8	0.302
881.392212	838.863586	32	33	1	9	0.302
878.928467	661.413574	33	34	1	9	0.302
878.76709	772.147583	33	34	1	10	0.302
873.692322	592.427246	32	34	1	10	0.302
877.067017	622.851135	33	34	1	11	0.302
871.873962	442.530334	33	34	1	11	0.302
860.234375	809.185303	32	33	1	12	0.302
857.791016	633.324646	33	34	1	12	0.302
920.197205	630.489258	32	32	1	13	0.302
916.230774	454.66864	34	34	1	13	0.302
883.834595	666.279419	33	34	1	14	0.302
880.985657	489.219574	33	34	1	14	0.302
882.953857	743.194397	33	34	1	15	0.302
878.444702	566.546997	32	34	1	15	0.302
841.519104	426.38736	32	33	1.025	1	0.302
838.860901	254.48082	32	36	1.025	1	0.302
848.713074	519.376038	31	31	1.025	2	0.302
845.897034	352.093506	31	32	1.025	2	0.302
835.22644	647.431763	30	32	1.025	3	0.302
831.582092	475.809662	30	31	1.025	3	0.302
795.036804	719.055847	30	32	1.025	4	0.302
793.285339	549.618225	31	32	1.025	4	0.302
786.240601	541.339355	30	32	1.025	5	0.302
783.078979	369.139221	30	33	1.025	5	0.302
830.81604	721.335693	31	31	1.025	6	0.302
826.95343	547.879456	31	31	1.025	6	0.302
812.120972	661.336121	30	31	1.025	7	0.302
815.991699	831.923706	29	33	1.025	7	0.302
781.96759	718.372375	30	31	1.025	8	0.302
780.012451	548.961304	31	31	1.025	8	0.302
841.101257	696.742615	31	32	1.025	9	0.302
836.316589	525.649902	31	31	1.025	9	0.302
775.050354	655.008362	30	31	1.025	10	0.302
771.982117	485.149933	31	31	1.025	10	0.302
741.254578	654.586975	30	31	1.025	11	0.302
738.932983	484.72641	31	31	1.025	11	0.302
744.702271	771.832886	30	32	1.025	12	0.302
742.658997	603.507446	33	31	1.025	12	0.302
794.364929	781.190918	30	30	1.025	13	0.302
791.675903	610.614929	31	30	1.025	13	0.302
719.24292	807.298035	30	31	1.025	14	0.302
713.87915	634.195862	31	31	1.025	14	0.302
781.099121	756.597168	31	35	1.025	15	0.302
778.802734	584.910095	31	34	1.025	15	0.302
1004.581726	733.641968	29	31	1.05	1	0.302
1007.087158	900.291138	31	33	1.05	1	0.302
1048.607422	769.413452	29	30	1.05	2	0.302
1054.569702	937.132019	30	30	1.05	2	0.302
937.483582	917.4552	30	30	1.05	3	0.302
933.752991	749.284241	30	31	1.05	3	0.302
904.893372	914.130615	30	30	1.05	4	0.302
901.146729	748.690125	29	30	1.05	4	0.302
1035.416016	925.873718	30	29	1.05	5	0.302
1031.467651	756.63385	30	30	1.05	5	0.302
237.991562	304.924042	28	23	1.05	6	0.302
931.492737	702.362976	30	31	1.05	6	0.302
932.236145	747.565613	30	32	1.05	7	0.302
934.249268	912.433716	30	31	1.05	7	0.302
944.28656	712.813293	30	32	1.05	8	0.302
948.507202	881.092224	30	31	1.05	8	0.302
992.234802	940.511597	29	30	1.05	9	0.302
988.669983	773.78717	30	31	1.05	9	0.302
879.22406	794.127625	29	31	1.05	10	0.302
877.388733	625.952515	30	30	1.05	10	0.302
930.818848	769.931152	29	29	1.05	11	0.302
934.964294	938.584839	29	30	1.05	11	0.302
844.468811	1067.558838	30	30	1.05	12	0.302
838.486206	897.882446	30	31	1.05	12	0.302
911.721008	902.552246	29	31	1.05	13	0.302
908.007141	736.17572	29	31	1.05	13	0.302
1019.791016	868.899841	30	31	1.05	14	0.302
1017.039124	701.760864	30	31	1.05	14	0.302
956.215088	785.998535	30	31	1.05	15	0.302
960.703735	956.680664	29	30	1.05	15	0.302
1009.432251	601.226257	30	33	1.075	1	0.302
1005.962341	436.877686	29	34	1.075	1	0.302
996.223572	590.333862	29	30	1.075	2	0.302
992.715149	425.533325	29	30	1.075	2	0.302
1023.84613	445.490204	29	30	1.075	3	0.302
1029.055664	612.974426	30	30	1.075	3	0.302
1049.233398	629.9021	29	30	1.075	4	0.302
1046.186157	462.190704	30	29	1.075	4	0.302
962.416565	677.914246	30	31	1.075	5	0.302
959.472656	509.572937	30	31	1.075	5	0.302
946.064148	615.378601	29	29	1.075	6	0.302
942.564758	449.998505	30	29	1.075	6	0.302
965.088257	542.764099	29	30	1.075	7	0.302
962.048279	378.153839	29	29	1.075	7	0.302
1024.185669	645.208496	29	30	1.075	8	0.302
1018.828064	481.333344	29	31	1.075	8	0.302
985.423096	747.998474	30	30	1.075	9	0.302
983.111267	585.187988	29	30	1.075	9	0.302
1009.143677	563.592346	29	31	1.075	10	0.302
1008.203796	398.362183	29	32	1.075	10	0.302
962.505981	701.974548	29	31	1.075	11	0.302
957.244751	533.476135	29	30	1.075	11	0.302
984.606567	548.922485	29	32	1.075	12	0.302
982.114258	383.95697	29	30	1.075	12	0.302
989.929871	402.64328	29	30	1.075	13	0.302
992.909119	566.552917	29	30	1.075	13	0.302
1034.063477	428.233368	29	31	1.075	14	0.302
1037.100098	593.188538	29	31	1.075	14	0.302
948.848633	506.353699	29	30	1.075	15	0.302
944.802917	342.123199	29	31	1.075	15	0.302
996.908691	678.815918	30	33	1.1	1	0.302
994.755859	513.302063	31	35	1.1	1	0.302
878.673889	622.222595	28	29	1.1	2	0.302
875.840515	458.917175	29	30	1.1	2	0.302
987.158875	567.369141	29	30	1.1	3	0.302
983.2099	401.288574	29	30	1.1	3	0.302
968.069458	686.515442	29	30	1.1	4	0.302
963.138062	519.136475	29	29	1.1	4	0.302
972.3255	694.924866	28	29	1.1	5	0.302
969.393188	529.102173	28	29	1.1	5	0.302
1027.966309	581.199402	29	30	1.1	6	0.302
1023.177368	417.685028	30	30	1.1	6	0.302
952.255737	471.284851	29	30	1.1	7	0.302
951.01355	308.77829	29	31	1.1	7	0.302
1049.883301	367.548401	29	30	1.1	8	0.302
1052.693115	529.694641	29	30	1.1	8	0.302
1047.723389	557.576538	29	30	1.1	9	0.302
1044.351318	392.770416	28	30	1.1	9	0.302
1008.643311	421.250793	29	29	1.1	10	0.302
1012.141785	584.835144	29	29	1.1	10	0.302
1006.992554	649.087769	29	31	1.1	11	0.302
1005.200317	483.543457	29	30	1.1	11	0.302
1011.827881	652.789124	29	30	1.1	12	0.302
1007.419373	486.53302	29	30	1.1	12	0.302
930.671753	511.451904	28	30	1.1	13	0.302
933.828552	676.726868	29	29	1.1	13	0.302
1057.422241	551.012329	29	30	1.1	14	0.302
1060.115356	715.893799	29	29	1.1	14	0.302
1042.845581	625.128418	29	30	1.1	15	0.302
1039.181274	463.377655	29	30	1.1	15	0.302
992.151489	728.744751	29	33	1.125	1	0.302
994.723145	890.874634	29	34	1.125	1	0.302
841.534485	1054.763306	30	29	1.125	2	0.302
839.32605	895.255859	29	29	1.125	2	0.302
1072.256836	811.392944	28	30	1.125	3	0.302
1076.384277	974.357056	29	30	1.125	3	0.302
936.212402	1086.06665	29	30	1.125	4	0.302
932.145752	924.156616	28	30	1.125	4	0.302
1060.03772	937.394653	29	30	1.125	5	0.302
1054.89856	776.755066	29	29	1.125	5	0.302
926.949463	906.347534	29	28	1.125	6	0.302
931.679687	1070.498413	29	29	1.125	6	0.302
1022.147217	976.134949	29	30	1.125	7	0.302
1017.706421	813.324158	29	30	1.125	7	0.302
968.13501	808.984314	29	30	1.125	8	0.302
964.964111	649.120117	29	29	1.125	8	0.302
1048.137695	928.910828	29	29	1.125	9	0.302
1045.244141	767.482117	29	30	1.125	9	0.302
960.554016	734.611084	29	30	1.125	10	0.302
962.838684	898.126343	29	30	1.125	10	0.302
1117.57251	718.657715	28	30	1.125	11	0.302
1121.545288	883.007812	28	31	1.125	11	0.302
954.354248	788.145752	28	29	1.125	12	0.302
958.513245	949.045105	29	29	1.125	12	0.302
1061.634766	860.141052	29	29	1.125	13	0.302
1059.149536	704.160461	29	29	1.125	13	0.302
1047.934204	923.843811	29	30	1.125	14	0.302
1046.696045	762.872314	29	30	1.125	14	0.302
1094.613403	749.986023	28	30	1.125	15	0.302
1097.983032	912.848755	29	29	1.125	15	0.302
841.93573	688.706909	30	30	1.15	1	0.302
837.659119	528.990906	30	30	1.15	1	0.302
864.784607	551.263062	29	31	1.15	2	0.302
867.467102	708.67688	28	30	1.15	2	0.302
849.40564	484.522003	28	30	1.15	3	0.302
852.959412	643.084229	29	29	1.15	3	0.302
880.224976	547.6922	28	30	1.15	4	0.302
883.522522	706.300171	28	30	1.15	4	0.302
835.602478	652.610229	28	30	1.15	5	0.302
839.019958	813.230042	29	30	1.15	5	0.302
839.681396	732.399048	28	30	1.15	6	0.302
835.463928	573.896545	28	29	1.15	6	0.302
812.572571	723.62561	28	30	1.15	7	0.302
809.221008	565.933533	29	30	1.15	7	0.302
871.769348	641.91626	28	29	1.15	8	0.302
870.054687	481.231262	29	29	1.15	8	0.302
826.760193	729.73822	29	30	1.15	9	0.302
825.017212	567.329712	29	29	1.15	9	0.302
848.294373	756.739868	29	30	1.15	10	0.302
846.147949	599.534241	29	30	1.15	10	0.302
835.137451	657.606628	29	30	1.15	11	0.302
838.675476	813.737549	29	29	1.15	11	0.302
863.779724	669.722656	28	29	1.15	12	0.302
860.709167	510.094879	29	29	1.15	12	0.302
865.772705	700.437317	29	29	1.15	13	0.302
863.184509	542.244934	29	29	1.15	13	0.302
760.511597	633.565674	28	30	1.15	14	0.302
764.352844	794.329712	28	30	1.15	14	0.302
835.76178	572.103455	29	30	1.15	15	0.302
839.410828	731.854248	29	29	1.15	15	0.302
975.266113	673.039246	24	25	1.2	1	0.302
979.146912	830.788635	26	24	1.2	1	0.302
916.662354	574.522522	29	29	1.2	2	0.302
920.34668	731.484741	28	29	1.2	2	0.302
927.452209	550.606689	28	30	1.2	3	0.302
930.384155	705.099976	28	29	1.2	3	0.302
962.312378	614.489563	29	29	1.2	4	0.302
966.710388	770.251221	29	29	1.2	4	0.302
977.334961	816.674683	28	29	1.2	5	0.302
973.325867	658.533569	28	28	1.2	5	0.302
947.861267	658.666687	28	30	1.2	6	0.302
944.749634	502.868469	29	29	1.2	6	0.302
961.799988	627.027405	29	29	1.2	7	0.302
959.578674	471.095398	28	30	1.2	7	0.302
949	662.045044	29	29	1.2	8	0.302
946.87561	504.674652	29	30	1.2	8	0.302
888.777954	686.019165	28	29	1.2	9	0.302
886.179077	527.870056	28	30	1.2	9	0.302
934.753601	661.118408	28	29	1.2	10	0.302
933.273193	505.199677	28	30	1.2	10	0.302
903.172852	580.033936	29	29	1.2	11	0.302
906.82135	737.481628	29	29	1.2	11	0.302
933.711975	760.233582	30	28	1.2	12	0.302
931.183105	602.697449	28	29	1.2	12	0.302
949.685974	575.281799	28	29	1.2	13	0.302
953.025574	732.223633	29	29	1.2	13	0.302
936.260437	559.041809	29	29	1.2	14	0.302
933.686096	399.979492	28	29	1.2	14	0.302
902.380371	632.961975	29	29	1.2	15	0.302
898.59845	474.544891	29	29	1.2	15	0.302
957.317017	674.518494	28	34	1.25	1	0.302
960.375366	831.508789	29	32	1.25	1	0.302
927.040894	664.072021	28	29	1.25	2	0.302
930.39093	818.411926	28	29	1.25	2	0.302
881.337646	712.76416	28	28	1.25	3	0.302
888.289856	869.133667	28	29	1.25	3	0.302
919.220947	698.495178	29	30	1.25	4	0.302
920.57074	858.102905	28	29	1.25	4	0.302
886.783386	785.301392	28	30	1.25	5	0.302
888.266968	940.765442	27	30	1.25	5	0.302
914.744812	889.448181	28	29	1.25	6	0.302
916.52533	1045.107544	28	29	1.25	6	0.302
965.024414	775.154724	29	29	1.25	7	0.302
968.676941	929.64447	28	28	1.25	7	0.302
881.035522	925.785156	28	29	1.25	8	0.302
878.372559	772.595154	28	28	1.25	8	0.302
841.277344	783.915161	29	29	1.25	9	0.302
844.665039	940.616516	28	28	1.25	9	0.302
894.871338	765.058655	29	29	1.25	10	0.302
898.648865	921.249207	28	29	1.25	10	0.302
888.620178	876.173096	28	29	1.25	11	0.302
886.9776	721.312012	29	29	1.25	11	0.302
833.905151	852.786194	29	29	1.25	12	0.302
836.623413	1006.395813	29	29	1.25	12	0.302
857.110046	1076.781494	29	29	1.25	13	0.302
853.632751	919.931641	28	29	1.25	13	0.302
882.689209	866.882446	28	29	1.25	14	0.302
883.641479	1023.123779	28	30	1.25	14	0.302
908.439209	774.688843	28	29	1.25	15	0.302
913.427185	928.69281	29	29	1.25	15	0.302
1002.896545	731.147766	29	28	1.3	1	0.302
1002.626831	579.273315	28	29	1.3	1	0.302
984.791748	619.350403	28	29	1.3	2	0.302
987.327881	773.278687	28	29	1.3	2	0.302
973.891235	625.777588	28	29	1.3	3	0.302
973.653198	776.491943	28	29	1.3	3	0.302
1009.707214	582.595398	28	29	1.3	4	0.302
1014.421814	736.008118	28	29	1.3	4	0.302
924.633057	792.674377	28	28	1.3	5	0.302
922.828369	640.580872	28	28	1.3	5	0.302
945.017761	718.887085	28	30	1.3	6	0.302
942.733948	566.979187	28	29	1.3	6	0.302
914.925232	699.725891	28	28	1.3	7	0.302
915.676636	852.915405	28	29	1.3	7	0.302
973.081665	830.26001	29	28	1.3	8	0.302
969.281921	676.83252	28	28	1.3	8	0.302
933.892578	758.892578	28	29	1.3	9	0.302
937.63855	913.068054	28	29	1.3	9	0.302
974.408997	761.43573	28	28	1.3	10	0.302
976.505005	914.338867	28	28	1.3	10	0.302
987.687683	761.878723	28	29	1.3	11	0.302
988.430908	910.018066	28	28	1.3	11	0.302
952.352173	743.30896	28	28	1.3	12	0.302
954.046082	895.69574	27	29	1.3	12	0.302
963.742554	606.25415	28	29	1.3	13	0.302
967.680908	758.162842	28	28	1.3	13	0.302
933.082092	631.882751	29	28	1.3	14	0.302
937.852234	785.720825	28	28	1.3	14	0.302
965.743652	660.342346	28	30	1.3	15	0.302
967.218079	811.347351	28	30	1.3	15	0.302
916.462708	663.473633	29	32	1.35	1	0.302
920.129639	813.066345	28	32	1.35	1	0.302
869.378113	705.918762	28	28	1.35	2	0.302
870.735168	854.455566	28	28	1.35	2	0.302
873.403381	687.416809	28	28	1.35	3	0.302
871.441284	541.295288	28	28	1.35	3	0.302
901.885925	850.469788	28	28	1.35	4	0.302
898.538818	701.307434	28	28	1.35	4	0.302
891.078735	704.966492	28	28	1.35	5	0.302
887.774475	553.33667	28	28	1.35	5	0.302
892.743774	651.668884	28	29	1.35	6	0.302
895.696228	801.30542	28	28	1.35	6	0.302
889.629395	785.687805	28	28	1.35	7	0.302
891.678772	939.046143	28	28	1.35	7	0.302
915.902222	860.502502	28	28	1.35	8	0.302
913.471008	709.878967	28	28	1.35	8	0.302
845.033325	681.140015	29	28	1.35	9	0.302
843.355286	530.365112	28	28	1.35	9	0.302
893.650513	481.247559	28	29	1.35	10	0.302
897.054932	631.723755	27	30	1.35	10	0.302
886.287781	515.26178	28	30	1.35	11	0.302
889.533203	665.627258	28	29	1.35	11	0.302
853.503296	585.553162	28	28	1.35	12	0.302
855.920532	732.910583	27	29	1.35	12	0.302
913.839111	617.285217	28	29	1.35	13	0.302
913.62915	470.357605	28	29	1.35	13	0.302
889.237122	650.208984	28	29	1.35	14	0.302
886.734558	502.389252	28	29	1.35	14	0.302
844.381409	491.819244	28	29	1.35	15	0.302
844.963745	638.741333	28	28	1.35	15	0.302
850.932678	772.223877	29	27	1.4	1	0.302
852.900635	918.084412	28	29	1.4	1	0.302
812.919312	796.332764	28	28	1.4	2	0.302
813.819702	943.71283	29	27	1.4	2	0.302
832.947693	768.202637	28	28	1.4	3	0.302
833.805786	917.081848	28	29	1.4	3	0.302
851.470764	814.632751	28	28	1.4	4	0.302
852.079224	961.669983	29	28	1.4	4	0.302
823.227051	736.823059	28	29	1.4	5	0.302
823.659546	883.695557	27	29	1.4	5	0.302
812.192261	815.377747	28	28	1.4	6	0.302
814.440369	964.274841	28	28	1.4	6	0.302
791.298828	913.94989	28	28	1.4	7	0.302
790.926575	766.253784	28	28	1.4	7	0.302
774.875793	990.386963	28	30	1.4	8	0.302
774.87439	844.662964	27	30	1.4	8	0.302
828.380859	954.703003	28	28	1.4	9	0.302
825.983521	804.943909	27	29	1.4	9	0.302
786.88147	894.06012	28	29	1.4	10	0.302
786.099365	746.223511	27	28	1.4	10	0.302
809.942505	609.482605	29	31	1.4	11	0.302
807.678833	463.910583	28	35	1.4	11	0.302
740.875854	691.807068	27	28	1.4	12	0.302
739.273804	546.070129	28	29	1.4	12	0.302
787.679016	620.408386	28	28	1.4	13	0.302
784.757935	473.263763	28	29	1.4	13	0.302
781.003357	647.76001	28	28	1.4	14	0.302
779.920105	498.366058	28	28	1.4	14	0.302
822.975403	540.272156	27	30	1.4	15	0.302
819.947144	394.770844	27	30	1.4	15	0.302
973.53241	639.971558	28	31	1.45	1	0.302
973.548523	496.81665	28	32	1.45	1	0.302
873.291077	648.215759	28	28	1.45	2	0.302
870.279724	502.227814	28	28	1.45	2	0.302
969.797668	477.123108	27	29	1.45	3	0.302
969.090637	333.958801	28	29	1.45	3	0.302
976.315613	388.061462	28	30	1.45	4	0.302
977.492554	532.29187	28	29	1.45	4	0.302
955.112244	531.239502	28	29	1.45	5	0.302
953.062622	387.243835	27	29	1.45	5	0.302
937.842041	540.228577	27	29	1.45	6	0.302
938.626465	394.783478	28	29	1.45	6	0.302
935.524292	654.622986	28	30	1.45	7	0.302
931.96637	507.417603	28	30	1.45	7	0.302
936.528137	663.480408	28	28	1.45	8	0.302
935.288818	518.222046	28	28	1.45	8	0.302
948.614197	642.810486	28	28	1.45	9	0.302
946.432861	496.541931	28	29	1.45	9	0.302
955.50647	684.079529	28	30	1.45	10	0.302
952.777039	539.11792	27	30	1.45	10	0.302
923.43927	578.412659	28	28	1.45	11	0.302
923.052917	722.89917	28	29	1.45	11	0.302
989.37561	476.652039	27	30	1.45	12	0.302
987.073547	332.928009	27	31	1.45	12	0.302
986.853821	489.624573	27	29	1.45	13	0.302
986.009766	343.03421	27	30	1.45	13	0.302
951.369202	516.033142	28	29	1.45	14	0.302
949.152466	371.495087	27	29	1.45	14	0.302
951.458618	529.281433	28	29	1.45	15	0.302
949.763489	384.647644	28	30	1.45	15	0.302
931.288208	912.59552	28	32	1.5	1	0.302
929.003174	771.015747	28	32	1.5	1	0.302
919.774597	596.250854	28	28	1.5	2	0.302
922.436584	737.932434	28	29	1.5	2	0.302
946.415527	823.043945	28	29	1.5	3	0.302
944.261353	681.763916	28	28	1.5	3	0.302
877.525208	690.83905	27	30	1.5	4	0.302
875.783081	832.846863	27	30	1.5	4	0.302
968.904541	877.920715	27	31	1.5	5	0.302
965.81311	735.434509	27	30	1.5	5	0.302
940.313049	688.098145	27	29	1.5	6	0.302
936.976379	544.280396	27	28	1.5	6	0.302
905.862183	604.453796	27	30	1.5	7	0.302
907.388245	746.769958	28	29	1.5	7	0.302
934.890869	825.687012	28	30	1.5	8	0.302
933.027161	680.135803	27	30	1.5	8	0.302
860.380798	777.347656	27	30	1.5	9	0.302
857.70697	633.799683	27	29	1.5	9	0.302
826.125244	710.331055	28	28	1.5	10	0.302
827.25	853.277222	27	28	1.5	10	0.302
925.694519	759.696167	28	31	1.5	11	0.302
925.338684	614.191711	27	30	1.5	11	0.302
917.269104	740.239197	28	29	1.5	12	0.302
920.966858	885.564575	27	29	1.5	12	0.302
933.338379	764.47406	28	29	1.5	13	0.302
934.453064	909.405273	28	29	1.5	13	0.302
834.344543	835.559692	28	28	1.5	14	0.302
836.057495	980.848938	27	29	1.5	14	0.302
880.940125	789.548523	27	30	1.5	15	0.302
884.933777	933.655884	27	30	1.5	15	0.302
877.092712	740.323547	27	32	1.55	1	0.302
878.067322	882.620178	28	32	1.55	1	0.302
829.412415	634.033447	28	32	1.55	2	0.302
827.745056	492.75116	28	32	1.55	2	0.302
805.231018	517.740295	27	29	1.55	3	0.302
808.179871	661.181519	27	30	1.55	3	0.302
817.922668	561.174805	27	29	1.55	4	0.302
815.481567	416.437927	28	28	1.55	4	0.302
780.535461	719.295166	29	30	1.55	5	0.302
781.022339	577.803833	28	31	1.55	5	0.302
833.504944	708.273193	28	30	1.55	6	0.302
832.765564	567.575439	27	30	1.55	6	0.302
820.657166	669.137146	28	29	1.55	7	0.302
820.213684	524.222046	28	28	1.55	7	0.302
815.963318	570.858337	27	29	1.55	8	0.302
819.351807	714.047241	27	29	1.55	8	0.302
779.348694	735.587158	26	32	1.55	9	0.302
778.41449	593.601624	27	31	1.55	9	0.302
835.262329	698.792175	28	28	1.55	10	0.302
832.667236	556.161316	28	28	1.55	10	0.302
775.60437	657.617859	28	29	1.55	11	0.302
775.756287	798.991638	28	29	1.55	11	0.302
848.757874	558.35321	28	28	1.55	12	0.302
850.877869	702.014832	27	29	1.55	12	0.302
768.705811	737.611572	28	28	1.55	13	0.302
766.504822	594.128601	29	29	1.55	13	0.302
819.281006	728.643005	27	31	1.55	14	0.302
816.744324	585.947876	27	29	1.55	14	0.302
751.553894	649.268677	28	29	1.55	15	0.302
751.139099	792.317871	28	28	1.55	15	0.302
917.814758	504.710785	29	27	1.6	1	0.302
917.652893	364.174469	28	28	1.6	1	0.302
957.885803	444.18512	27	28	1.6	2	0.302
958.950195	584.91925	27	28	1.6	2	0.302
901.072083	548.374329	27	27	1.6	3	0.302
903.067444	685.190308	27	27	1.6	3	0.302
898.148193	437.805786	28	27	1.6	4	0.302
898.654541	297.603302	28	29	1.6	4	0.302
926.498291	555.625854	28	28	1.6	5	0.302
925.802002	416.692047	28	28	1.6	5	0.302
880.047546	432.687592	28	28	1.6	6	0.302
881.752563	572.166077	28	28	1.6	6	0.302
880.636353	597.143372	28	27	1.6	7	0.302
878.120239	454.350189	27	27	1.6	7	0.302
955.383667	638.630188	28	28	1.6	8	0.302
952.794495	496.042816	27	28	1.6	8	0.302
955.742493	588.756592	28	28	1.6	9	0.302
953.409424	447.261322	28	28	1.6	9	0.302
929.836243	588.128906	27	28	1.6	10	0.302
930.102234	446.011932	27	28	1.6	10	0.302
920.276367	645.809998	28	28	1.6	11	0.302
916.90863	502.189667	27	28	1.6	11	0.302
952.3078	485.358246	28	28	1.6	12	0.302
955.84137	626.217224	27	27	1.6	12	0.302
861.697571	658.662598	28	28	1.6	13	0.302
864.430298	801.209045	28	27	1.6	13	0.302
874.897949	741.226624	28	27	1.6	14	0.302
871.439453	599.455017	28	27	1.6	14	0.302
930.031372	849.07489	29	28	1.6	15	0.302
929.908936	705.089355	28	27	1.6	15	0.302
1014.291931	711.104919	27	27	1.65	1	0.302
1015.631042	850.584473	28	28	1.65	1	0.302
1033.351929	676.057495	27	27	1.65	2	0.302
1030.955078	815.450806	27	28	1.65	2	0.302
1058.690796	777.963745	28	27	1.65	3	0.302
1057.674683	637.187622	28	28	1.65	3	0.302
987.285461	748.87915	27	27	1.65	4	0.302
990.468872	888.02771	28	27	1.65	4	0.302
1068.754395	614.433777	28	28	1.65	5	0.302
1071.783325	754.348328	28	28	1.65	5	0.302
997.593994	688.787354	28	28	1.65	6	0.302
998.187744	830.280701	27	27	1.65	6	0.302
1054.650024	756.070679	27	28	1.65	7	0.302
1054.234619	616.234619	27	29	1.65	7	0.302
1025.153809	658.386353	27	28	1.65	8	0.302
1027.465942	800.52356	28	28	1.65	8	0.302
1035.704102	732.512085	27	29	1.65	9	0.302
1036.392822	593.696411	28	28	1.65	9	0.302
1013.691528	652.093567	28	27	1.65	10	0.302
1015.322388	793.432739	28	28	1.65	10	0.302
979.554749	752.086548	28	27	1.65	11	0.302
980.370911	894.324097	28	28	1.65	11	0.302
1017.475708	859.708313	28	27	1.65	12	0.302
1014.974121	720.862061	27	29	1.65	12	0.302
1016.057495	647.259583	27	27	1.65	13	0.302
1017.032959	787.209717	28	27	1.65	13	0.302
937.437805	699.462341	27	28	1.65	14	0.302
938.265747	838.381104	28	27	1.65	14	0.302
1020.928223	626.845886	27	28	1.65	15	0.302
1021.994751	766.977295	27	27	1.65	15	0.302
945.37793	840.862854	28	29	1.7	1	0.302
944.229736	703.59668	27	30	1.7	1	0.302
883.797668	858.005066	27	29	1.7	2	0.302
883.692444	995.964722	27	29	1.7	2	0.302
979.811951	672.851257	28	28	1.7	3	0.302
983.315796	813.186768	27	28	1.7	3	0.302
967.476685	727.424866	28	28	1.7	4	0.302
967.914551	865.514526	27	28	1.7	4	0.302
984.081116	756.786621	27	28	1.7	5	0.302
982.292603	616.793457	28	28	1.7	5	0.302
1006.862915	751.90863	27	27	1.7	6	0.302
1004.039612	610.951782	27	29	1.7	6	0.302
973.488586	615.218933	27	28	1.7	7	0.302
975.082031	754.251282	27	27	1.7	7	0.302
959.20697	801.236511	27	28	1.7	8	0.302
955.921082	660.922791	28	28	1.7	8	0.302
916.487793	782.602783	28	28	1.7	9	0.302
915.987976	928.707397	27	29	1.7	9	0.302
1011.53949	646.570435	28	28	1.7	10	0.302
1014.249146	787.501709	27	28	1.7	10	0.302
963.341003	786.309082	27	27	1.7	11	0.302
961.450012	647.353455	28	28	1.7	11	0.302
934.322144	888.104431	27	27	1.7	12	0.302
931.4021	750.206299	27	27	1.7	12	0.302
984.820129	694.266296	28	27	1.7	13	0.302
980.987793	554.247375	27	28	1.7	13	0.302
933.666077	758.980957	27	27	1.7	14	0.302
934.714539	897.84613	28	28	1.7	14	0.302
983.357483	585.253906	27	29	1.7	15	0.302
984.891357	725.444824	27	28	1.7	15	0.302
937.294922	668.445007	27	28	1.75	1	0.302
938.523376	807.291138	28	28	1.75	1	0.302
920.910645	685.730225	27	28	1.75	2	0.302
924.212585	827.391174	27	28	1.75	2	0.302
928.824158	754.313782	28	28	1.75	3	0.302
931.281555	890.904419	28	27	1.75	3	0.302
966.769348	801.684998	27	28	1.75	4	0.302
970.081909	941.03241	27	29	1.75	4	0.302
911.034851	836.703857	28	28	1.75	5	0.302
912.213074	976.522339	27	28	1.75	5	0.302
899.609009	1038.768677	27	30	1.75	6	0.302
896.980042	898.300659	27	29	1.75	6	0.302
924.507935	937.128723	28	27	1.75	7	0.302
923.687378	801.044922	28	27	1.75	7	0.302
904.349487	899.723206	28	28	1.75	8	0.302
906.632507	1036.931641	27	29	1.75	8	0.302
930.332153	847.012268	28	28	1.75	9	0.302
931.938049	984.325317	27	28	1.75	9	0.302
902.126709	906.364563	27	28	1.75	10	0.302
904.851196	1044.598633	27	28	1.75	10	0.302
911.251282	1020.033142	27	27	1.75	11	0.302
909.863892	879.884827	28	28	1.75	11	0.302
961.325806	788.54248	27	28	1.75	12	0.302
965.015503	929.775879	27	28	1.75	12	0.302
936.912537	787.936523	27	29	1.75	13	0.302
935.144287	926.748718	27	29	1.75	13	0.302
924.372253	740.890015	28	29	1.75	14	0.302
926.42157	879.989868	27	29	1.75	14	0.302
887.053284	987.268066	27	28	1.75	15	0.302
885.068237	848.825928	27	28	1.75	15	0.302
823.255554	740.415833	27	29	1.8	1	0.302
821.090759	602.129333	27	30	1.8	1	0.302
803.127319	706.64856	27	29	1.8	2	0.302
800.740356	565.72699	27	29	1.8	2	0.302
762.089417	842.208618	27	29	1.8	3	0.302
760.133423	704.993408	27	30	1.8	3	0.302
834.038513	723.556946	27	28	1.8	4	0.302
830.25647	584.336243	28	28	1.8	4	0.302
787.732422	679.667236	28	28	1.8	5	0.302
787.943848	817.925171	27	29	1.8	5	0.302
839.254333	690.515686	27	28	1.8	6	0.302
838.826782	553.710144	27	28	1.8	6	0.302
780.557861	625.889465	27	29	1.8	7	0.302
781.633118	762.018799	27	29	1.8	7	0.302
830.056396	423.116241	27	29	1.8	8	0.302
833.913147	560.231689	27	28	1.8	8	0.302
827.281006	582.284485	27	29	1.8	9	0.302
826.843079	447.394836	27	28	1.8	9	0.302
787.422363	558.133545	27	29	1.8	10	0.302
787.148499	422.739288	27	29	1.8	10	0.302
864.710937	587.341187	27	29	1.8	11	0.302
863.381409	453.276947	27	29	1.8	11	0.302
816.171997	455.563232	27	29	1.8	12	0.302
819.067139	591.179504	27	29	1.8	12	0.302
869.758789	566.845886	27	29	1.8	13	0.302
868.687073	432.90564	27	29	1.8	13	0.302
774.998352	707.56842	28	30	1.8	14	0.302
771.684204	572.933044	28	30	1.8	14	0.302
831.375183	483.933777	26	29	1.8	15	0.302
831.993225	621.439941	27	29	1.8	15	0.302
996.884094	781.898987	27	30	1.85	1	0.302
994.905762	644.61322	27	30	1.85	1	0.302
944.640198	764.712524	27	28	1.85	2	0.302
945.286926	902.515442	28	28	1.85	2	0.302
972.629211	910.226379	28	27	1.85	3	0.302
967.690674	771.121277	28	27	1.85	3	0.302
997.980896	964.86084	27	29	1.85	4	0.302
997.11792	829.20343	27	28	1.85	4	0.302
947.041016	860.772644	27	29	1.85	5	0.302
950.181335	999.227112	27	29	1.85	5	0.302
1021.568237	964.781555	27	29	1.85	6	0.302
1019.312378	830.045837	27	29	1.85	6	0.302
1010.166077	805.13562	27	29	1.85	7	0.302
1011.455444	941.944519	28	29	1.85	7	0.302
982.366272	767.805786	27	29	1.85	8	0.302
983.589844	902.810181	28	29	1.85	8	0.302
932.584473	1012.528687	28	29	1.85	9	0.302
930.005005	874.764221	27	29	1.85	9	0.302
1008.835571	756.70636	28	30	1.85	10	0.302
1011.177551	892.914551	27	29	1.85	10	0.302
1044.599976	819.386414	28	29	1.85	11	0.302
1040.147461	680.391541	27	29	1.85	11	0.302
995.228394	506.820068	27	29	1.85	12	0.302
997.172058	645.03064	27	29	1.85	12	0.302
994.154236	665.553894	27	30	1.85	13	0.302
990.349915	529.248779	26	29	1.85	13	0.302
926.479492	537.564819	26	29	1.85	14	0.302
931.088135	674.299988	27	28	1.85	14	0.302
900.141174	585.183655	27	29	1.85	15	0.302
898.224121	449.07132	27	29	1.85	15	0.302
898.150635	777.649719	27	31	1.9	1	0.302
900.973999	913.842285	27	30	1.9	1	0.302
845.812927	910.940552	27	27	1.9	2	0.302
843.362366	774.073181	28	27	1.9	2	0.302
856.267578	754.202393	27	28	1.9	3	0.302
859.831909	889.765686	27	29	1.9	3	0.302
916.559814	697.530334	26	29	1.9	4	0.302
918.741882	831.806824	27	29	1.9	4	0.302
819.885925	1065.036865	27	30	1.9	5	0.302
822.235168	1199.960571	28	30	1.9	5	0.302
922.912659	1039.515381	27	29	1.9	6	0.302
920.882568	902.5	27	29	1.9	6	0.302
915.449158	938.284729	28	29	1.9	7	0.302
917.54425	1073.800049	27	29	1.9	7	0.302
910.831909	897.085693	27	29	1.9	8	0.302
913.05481	1030.784058	27	29	1.9	8	0.302
905.870789	883.290283	28	30	1.9	9	0.302
908.021729	1016.916504	27	29	1.9	9	0.302
908.573364	985.699829	26	29	1.9	10	0.302
906.152954	847.828552	27	29	1.9	10	0.302
874.729065	1061.955444	27	28	1.9	11	0.302
874.176392	926.19574	28	28	1.9	11	0.302
885.461121	1055.268555	27	29	1.9	12	0.302
882.637573	918.703003	27	29	1.9	12	0.302
861.291992	963.864197	28	29	1.9	13	0.302
864.165283	1100.364258	27	28	1.9	13	0.302
861.329346	901.699463	28	29	1.9	14	0.302
863.360901	1039.043823	28	29	1.9	14	0.302
844.145996	960.181641	27	29	1.9	15	0.302
846.805115	1094.910156	27	29	1.9	15	0.302
991.97168	520.328308	28	27	1.95	1	0.302
993.947571	655.23407	28	28	1.95	1	0.302
952.367737	740.034424	28	27	1.95	2	0.302
951.297302	606.2901	27	27	1.95	2	0.302
943.034607	602.919861	27	28	1.95	3	0.302
945.951111	740.778992	27	28	1.95	3	0.302
983.584839	788.761719	27	27	1.95	4	0.302
980.833313	650.263428	27	27	1.95	4	0.302
967.597107	1004.174255	27	27	1.95	5	0.302
967.106873	869.496399	28	28	1.95	5	0.302
988.681335	783.628235	27	27	1.95	6	0.302
991.37616	923.104858	27	27	1.95	6	0.302
941.294983	961.71582	27	28	1.95	7	0.302
941.321472	823.788635	27	28	1.95	7	0.302
999.312073	711.799255	27	27	1.95	8	0.302
1002.254517	851.398193	27	27	1.95	8	0.302
988.438843	861.316528	28	27	1.95	9	0.302
985.992798	725.364441	28	27	1.95	9	0.302
951.218323	756.377991	28	27	1.95	10	0.302
953.268616	891.958252	27	27	1.95	10	0.302
1017.177307	718.875671	27	27	1.95	11	0.302
1019.28418	852.185791	27	27	1.95	11	0.302
975.143372	844.729553	27	27	1.95	12	0.302
977.315247	983.625	28	27	1.95	12	0.302
981.77594	851.09259	27	28	1.95	13	0.302
979.639832	714.323608	26	27	1.95	13	0.302
987.065674	742.202576	27	27	1.95	14	0.302
988.003601	878.304504	27	27	1.95	14	0.302
970.637207	786.306885	28	27	1.95	15	0.302
972.895691	920.449646	27	27	1.95	15	0.302
929.903931	682.50354	27	28	2	1	0.302
932.928101	818.128052	27	27	2	1	0.302
914.025208	841.439636	27	27	2	2	0.302
910.812195	706.146667	27	28	2	2	0.302
915.530029	818.756165	26	27	2	3	0.302
914.79718	681.682556	27	28	2	3	0.302
928.95752	698.099121	27	27	2	4	0.302
931.679443	838.03833	27	29	2	4	0.302
897.502686	923.706604	28	27	2	5	0.302
895.385742	786.900024	28	27	2	5	0.302
874.280884	925.674438	27	27	2	6	0.302
870.763367	791.220642	28	28	2	6	0.302
871.033752	944.769104	27	27	2	7	0.302
871.715027	809.415955	28	27	2	7	0.302
957.64325	780.308105	28	27	2	8	0.302
955.566895	643.649658	28	28	2	8	0.302
940.088745	683.789856	27	28	2	9	0.302
940.96051	822.764832	27	28	2	9	0.302
917.614441	842.658447	27	28	2	10	0.302
914.52179	704.118652	27	29	2	10	0.302
920.156555	800.624573	27	28	2	11	0.302
916.746033	663.044067	27	27	2	11	0.302
917.749146	868.598267	28	28	2	12	0.302
916.393738	733.137634	28	27	2	12	0.302
938.652893	952.369446	27	29	2	13	0.302
936.998291	817.307312	27	28	2	13	0.302
972.047729	845.722595	28	27	2	14	0.302
968.860657	709.476196	27	28	2	14	0.302
970.118835	765.608765	27	27	2	15	0.302
967.967407	627.280823	27	27	2	15	0.302
906.828979	661.499146	27	28	2.05	1	0.302
904.562744	525.493042	28	28	2.05	1	0.302
891.14209	654.509766	27	28	2.05	2	0.302
889.180359	520.420288	27	28	2.05	2	0.302
909.924133	603.728394	27	27	2.05	3	0.302
905.803833	467.239929	27	28	2.05	3	0.302
878.845215	586.592529	27	27	2.05	4	0.302
876.129456	451.475189	27	28	2.05	4	0.302
907.64325	594.692444	28	28	2.05	5	0.302
905.699158	456.366943	27	28	2.05	5	0.302
877.619202	600.172607	27	27	2.05	6	0.302
873.622986	461.95752	27	27	2.05	6	0.302
911.24646	512.968323	27	27	2.05	7	0.302
909.098938	378.5625	27	28	2.05	7	0.302
877.212097	624.354736	27	27	2.05	8	0.302
874.082886	488.333344	27	28	2.05	8	0.302
926.992859	532.453552	27	28	2.05	9	0.302
927.653198	396.586273	27	28	2.05	9	0.302
841.277588	668.79718	28	27	2.05	10	0.302
840.885376	533.654297	27	27	2.05	10	0.302
878.957764	564.415466	27	28	2.05	11	0.302
882.620667	699.741394	27	28	2.05	11	0.302
899.196777	647.067993	27	27	2.05	12	0.302
896.678467	510.084808	27	27	2.05	12	0.302
893.894348	719.010559	27	27	2.05	13	0.302
889.680725	583.608765	27	28	2.05	13	0.302
922.775208	625.552185	27	27	2.05	14	0.302
920.463745	487.260162	27	27	2.05	14	0.302
874.276917	552.59082	27	28	2.05	15	0.302
876.713257	688.159119	27	27	2.05	15	0.302
1056.393799	408.231171	27	31	2.1	1	0.302
1056.937134	541.906616	27	31	2.1	1	0.302
1061.810913	518.231445	27	27	2.1	2	0.302
1057.986084	380.2164	27	28	2.1	2	0.302
1068.189697	454.262421	27	27	2.1	3	0.302
1071.179932	592.927673	27	27	2.1	3	0.302
1071.192505	655.575745	27	28	2.1	4	0.302
1069.313965	522.132263	27	27	2.1	4	0.302
1090.249512	540.092224	27	27	2.1	5	0.302
1089.615112	405.757477	27	28	2.1	5	0.302
1058.740723	552.301941	27	27	2.1	6	0.302
1055.200684	416.900543	27	27	2.1	6	0.302
1115.784302	358.441772	27	28	2.1	7	0.302
1113.96521	224.756622	27	29	2.1	7	0.302
1042.989502	464.505249	27	28	2.1	8	0.302
1042.267944	331.085815	27	27	2.1	8	0.302
1072.091553	434.947174	27	27	2.1	9	0.302
1070.970581	300.667816	27	28	2.1	9	0.302
1058.681152	467.926819	27	28	2.1	10	0.302
1054.667236	332.470398	27	28	2.1	10	0.302
1070.053223	489.524811	27	28	2.1	11	0.302
1067.664917	353.301758	27	28	2.1	11	0.302
1077.201416	468.737305	27	28	2.1	12	0.302
1075.840576	330.949219	27	28	2.1	12	0.302
1088.459473	467.357391	27	28	2.1	13	0.302
1090.182495	602.815796	27	27	2.1	13	0.302
1072.682007	680.653687	27	28	2.1	14	0.302
1066.977051	543.089966	27	27	2.1	14	0.302
1102.322754	504.861389	28	28	2.1	15	0.302
1098.181641	368.42215	27	28	2.1	15	0.302
1013.073669	471.511963	27	28	2.15	1	0.302
1010.885315	337.333344	27	29	2.15	1	0.302
1036.193115	670.274353	27	27	2.15	2	0.302
1031.200684	532.944458	27	27	2.15	2	0.302
1062.566772	542.572205	27	28	2.15	3	0.302
1060.268311	406.345245	27	27	2.15	3	0.302
1015.480225	436.960419	27	29	2.15	4	0.302
1019.465393	570.902283	26	27	2.15	4	0.302
997.306763	655.585083	27	28	2.15	5	0.302
995.731934	524.042358	27	27	2.15	5	0.302
1018.467041	435.267365	28	27	2.15	6	0.302
1015.827209	299.015717	27	28	2.15	6	0.302
1025.25708	500.070923	27	27	2.15	7	0.302
1021.5177	364.971619	26	27	2.15	7	0.302
1001.870605	615.389832	27	28	2.15	8	0.302
997.641113	480.548767	26	28	2.15	8	0.302
1013.341003	540.062195	27	28	2.15	9	0.302
1007.477173	403.315796	26	28	2.15	9	0.302
977.087646	569.193176	27	27	2.15	10	0.302
973.758362	431.964722	27	27	2.15	10	0.302
1014.895386	501.528381	27	27	2.15	11	0.302
1012.028137	366.103699	27	27	2.15	11	0.302
1012.00708	650.029968	27	28	2.15	12	0.302
1009.379211	512.39856	26	28	2.15	12	0.302
1049.612183	607.685791	27	27	2.15	13	0.302
1046.703735	475.506165	26	28	2.15	13	0.302
994.48938	574.523071	28	28	2.15	14	0.302
998.096985	712.765442	27	27	2.15	14	0.302
1012.503601	728.043152	26	27	2.15	15	0.302
1009.131409	593.010681	27	27	2.15	15	0.302
1039.583618	602.734558	27	28	2.2	1	0.302
1041.259033	737.418457	27	28	2.2	1	0.302
1006.028992	725.222839	27	27	2.2	2	0.302
1009.130615	858.688721	27	27	2.2	2	0.302
995.539978	845.349121	27	27	2.2	3	0.302
992.400024	711.13092	27	27	2.2	3	0.302
992.992798	822.978333	27	27	2.2	4	0.302
988.091248	685.903381	27	27	2.2	4	0.302
1013.485413	665.859497	27	27	2.2	5	0.302
1014.073364	799.080505	27	27	2.2	5	0.302
1034.538452	806.029297	28	27	2.2	6	0.302
1031.759399	672.621155	27	27	2.2	6	0.302
1021.723816	695.575806	27	28	2.2	7	0.302
1025.150269	832.232544	27	27	2.2	7	0.302
1025.47998	911.78009	27	28	2.2	8	0.302
1023.197937	777.840271	27	28	2.2	8	0.302
1052.929443	764.779358	28	27	2.2	9	0.302
1049.842529	630.751343	27	27	2.2	9	0.302
1011.745117	911.465515	27	28	2.2	10	0.302
1008.473694	776.091248	27	28	2.2	10	0.302
989.401062	893.875916	27	28	2.2	11	0.302
986.511597	759.575745	28	28	2.2	11	0.302
1027.177734	872.784546	27	28	2.2	12	0.302
1023.762512	738.205383	27	27	2.2	12	0.302
1017.086182	650.195679	27	27	2.2	13	0.302
1020.690369	782.558716	28	28	2.2	13	0.302
983.343994	724.356384	28	26	2.2	14	0.302
986.132019	857.262329	27	27	2.2	14	0.302
946.703979	939.189514	28	27	2.2	15	0.302
944.444275	806.455017	28	26	2.2	15	0.302
973.707031	1027.553345	28	28	2.25	1	0.302
968.902893	892.010803	27	27	2.25	1	0.302
967.860229	902.639771	27	27	2.25	2	0.302
972.255371	1039.008911	27	27	2.25	2	0.302
967.332764	982.832764	27	27	2.25	3	0.302
967.743408	1118.130005	27	27	2.25	3	0.302
959.350159	995.478333	27	26	2.25	4	0.302
962.691467	1131.102783	28	27	2.25	4	0.302
954.168762	1040.955566	27	27	2.25	5	0.302
955.134277	1176.063599	28	27	2.25	5	0.302
953.759949	1058.012695	28	27	2.25	6	0.302
957.635742	1192.243408	28	27	2.25	6	0.302
912.545776	1105.99646	27	28	2.25	7	0.302
947.259705	942.581299	27	29	2.25	8	0.302
943.833923	809.671387	27	28	2.25	8	0.302
968.028564	1014.141052	27	27	2.25	9	0.302
970.52533	1149.924927	28	28	2.25	9	0.302
1015.94043	958.539734	28	27	2.25	10	0.302
1018.351074	1091.445068	28	27	2.25	10	0.302
984.204163	1058.318359	28	28	2.25	11	0.302
986.696411	1192.746094	27	28	2.25	11	0.302
944.978516	971.856628	27	28	2.25	12	0.302
948.271912	1104.278931	28	27	2.25	12	0.302
934.96228	975.958679	27	27	2.25	13	0.302
937.552185	1109.796509	27	27	2.25	13	0.302
970.007263	1078.41748	27	26	2.25	14	0.302
967.636719	941.379517	27	26	2.25	14	0.302
961.175293	982.427551	27	27	2.25	15	0.302
964.76062	1118.292603	27	28	2.25	15	0.302
939.175293	909.425781	27	28	2.3	1	0.302
941.157898	1045.515747	27	28	2.3	1	0.302
916.075378	936.750427	27	27	2.3	2	0.302
911.707336	800.897644	27	27	2.3	2	0.302
951.441223	748.354431	26	27	2.3	3	0.302
952.79071	881.268311	27	27	2.3	3	0.302
984.896423	867.264282	27	27	2.3	4	0.302
981.014221	731.515991	27	27	2.3	4	0.302
939.120728	828.084656	27	27	2.3	5	0.302
943.706604	963.016113	27	27	2.3	5	0.302
944.490967	1009.73468	26	27	2.3	6	0.302
942.431396	873.644409	27	28	2.3	6	0.302
971.360352	903.297302	28	27	2.3	7	0.302
966.919373	768.329773	27	27	2.3	7	0.302
924.772949	927.796387	27	27	2.3	8	0.302
928.309875	1063.859131	27	27	2.3	8	0.302
960.323242	1039.731812	27	28	2.3	9	0.302
958.647156	907.324463	28	27	2.3	9	0.302
960.489136	859.304321	26	27	2.3	10	0.302
963.583496	994.307007	27	27	2.3	10	0.302
969.680481	863.416992	27	28	2.3	11	0.302
971.975159	995.941467	27	27	2.3	11	0.302
928.445618	948.978638	27	27	2.3	12	0.302
931.558899	1081.894531	27	27	2.3	12	0.302
966.374756	913.461792	28	28	2.3	13	0.302
968.889282	1048.114258	27	27	2.3	13	0.302
957.885742	962.453552	27	27	2.3	14	0.302
960.216553	1097.554565	27	28	2.3	14	0.302
953.40863	1087.078857	27	27	2.3	15	0.302
949.351074	951.682617	27	28	2.3	15	0.302
831.46283	596.34436	23	24	2.35	1	0.302
835.571777	732.171814	23	24	2.35	1	0.302
912.169067	919.052185	28	27	2.35	2	0.302
910.109497	785.39856	27	26	2.35	2	0.302
893.654602	992.316467	27	27	2.35	3	0.302
890.050659	855.555176	27	26	2.35	3	0.302
916.76001	922.432739	28	28	2.35	4	0.302
920.1828	1056.924683	27	27	2.35	4	0.302
903.792358	886.324219	27	27	2.35	5	0.302
906.144409	1019.716553	27	27	2.35	5	0.302
879.712036	1037.945923	27	29	2.35	6	0.302
875.473145	906.738281	26	28	2.35	6	0.302
889.899109	881.652283	27	27	2.35	7	0.302
893.843445	1012.658386	27	27	2.35	7	0.302
927.882751	899.72644	27	27	2.35	8	0.302
924.653625	766.955566	27	27	2.35	8	0.302
900.888306	930.827026	27	27	2.35	9	0.302
898.419922	797.085388	26	27	2.35	9	0.302
871.111084	995.172058	27	27	2.35	10	0.302
869.783936	861.723206	27	27	2.35	10	0.302
901.271912	969.522339	28	27	2.35	11	0.302
897.317261	836.15863	27	27	2.35	11	0.302
901.738342	760.313599	27	27	2.35	12	0.302
906.565613	895.391846	26	28	2.35	12	0.302
883.74054	916.329712	28	27	2.35	13	0.302
881.575256	784.299255	26	27	2.35	13	0.302
890.177612	716.886353	27	28	2.35	14	0.302
893.418457	851.163147	26	27	2.35	14	0.302
906.192444	798.161865	27	27	2.35	15	0.302
909.813965	928.974976	27	27	2.35	15	0.302
845.179199	723.426514	27	27	2.4	1	0.302
846.673706	856.232788	27	28	2.4	1	0.302
864.76825	726.099792	27	27	2.4	2	0.302
866.415771	858.873657	28	27	2.4	2	0.302
847.567078	846.840759	27	27	2.4	3	0.302
844.743286	715.727295	26	27	2.4	3	0.302
845.761169	828.142578	27	27	2.4	4	0.302
846.763794	959.209595	27	27	2.4	4	0.302
828.450806	842.581421	26	28	2.4	5	0.302
824.201416	706.871643	27	27	2.4	5	0.302
871.268921	869.711792	28	28	2.4	6	0.302
869.635071	735.654358	26	28	2.4	6	0.302
815.823975	742.758606	27	27	2.4	7	0.302
820.093445	875.758362	27	27	2.4	7	0.302
870.594299	847.585388	27	28	2.4	8	0.302
867.419006	714.033447	26	27	2.4	8	0.302
823.212402	728.116821	27	28	2.4	9	0.302
826.209778	862.223755	27	27	2.4	9	0.302
897.533936	719.755371	28	27	2.4	10	0.302
893.261536	585.039124	27	27	2.4	10	0.302
850.798584	783.568604	27	28	2.4	11	0.302
850.347595	650.748657	27	27	2.4	11	0.302
891.288513	599.675598	27	27	2.4	12	0.302
894.030273	730.853821	27	27	2.4	12	0.302
848.442444	799.124084	27	27	2.4	13	0.302
846.164551	668.447205	27	27	2.4	13	0.302
830.094482	653.830688	26	28	2.4	14	0.302
831.99646	786.756653	27	27	2.4	14	0.302
883.877014	620.340454	28	27	2.4	15	0.302
885.730469	751.384766	27	27	2.4	15	0.302
997.097656	438.443024	27	28	2.45	1	0.302
994.229004	304.961548	28	28	2.45	1	0.302
985.530457	420.397858	27	28	2.45	2	0.302
982.317688	285.326385	26	28	2.45	2	0.302
980.617859	386.171417	28	28	2.45	3	0.302
978.184326	255.672348	27	28	2.45	3	0.302
984.146423	454.496429	27	28	2.45	4	0.302
979.260193	321.274323	27	27	2.45	4	0.302
992.530151	504.226959	28	28	2.45	5	0.302
989.00177	373.351074	27	27	2.45	5	0.302
937.186707	400.728912	27	27	2.45	6	0.302
934.982666	271.307281	27	28	2.45	6	0.302
979.20282	311.458038	27	28	2.45	7	0.302
977.644409	180.430725	27	29	2.45	7	0.302
1008.886353	300.994751	27	28	2.45	8	0.302
1005.476929	168.278214	28	29	2.45	8	0.302
947.931641	523.874084	27	27	2.45	9	0.302
945.053467	392.210327	27	27	2.45	9	0.302
990.151062	501.546753	27	28	2.45	10	0.302
984.867737	365.99823	27	27	2.45	10	0.302
936.384888	526.429871	27	28	2.45	11	0.302
941.452454	658.908447	26	27	2.45	11	0.302
992.475769	472.91922	27	28	2.45	12	0.302
987.387634	341.371674	26	28	2.45	12	0.302
921.723511	642.123901	28	27	2.45	13	0.302
921.565857	511.049835	27	27	2.45	13	0.302
950.335754	546.945862	27	28	2.45	14	0.302
948.479553	414.561279	26	28	2.45	14	0.302
981.551575	442.309601	26	27	2.45	15	0.302
977.042114	307.326324	27	28	2.45	15	0.302
931.366089	434.230347	27	27	2.5	1	0.302
926.595093	302.293182	26	28	2.5	1	0.302
949.38147	437.46524	27	28	2.5	2	0.302
946.469482	306.438049	27	28	2.5	2	0.302
928.128357	484.711243	27	27	2.5	3	0.302
922.181946	352.041595	27	27	2.5	3	0.302
962.75177	383.0979	27	28	2.5	4	0.302
959.598267	249.646149	27	28	2.5	4	0.302
958.363281	424.787781	26	28	2.5	5	0.302
952.690857	291.443878	27	28	2.5	5	0.302
947.868591	417.127899	27	27	2.5	6	0.302
944.528381	282.366608	28	28	2.5	6	0.302
944.173462	371.362823	27	27	2.5	7	0.302
938.640198	237.339523	28	28	2.5	7	0.302
934.666077	431.134979	28	28	2.5	8	0.302
931.994934	299.375	27	28	2.5	8	0.302
909.478577	475.180359	26	28	2.5	9	0.302
905.305725	342.815186	27	29	2.5	9	0.302
956.622986	412.310577	26	28	2.5	10	0.302
953.524292	283.897583	27	29	2.5	10	0.302
928.063599	441.153717	27	28	2.5	11	0.302
925.166687	308.396271	28	28	2.5	11	0.302
932.902466	474.585114	27	28	2.5	12	0.302
928.174805	344.071686	27	28	2.5	12	0.302
931.87854	424.75705	27	28	2.5	13	0.302
930.17041	293.251282	27	28	2.5	13	0.302
952.532349	383.079132	27	27	2.5	14	0.302
947.936523	250.701538	27	28	2.5	14	0.302
953.667847	447.326752	27	28	2.5	15	0.302
951.440918	312.546722	27	29	2.5	15	0.302
936.248169	620.045288	27	27	2.55	1	0.302
933.730225	490.001801	27	27	2.55	1	0.302
836.503662	647.381836	26	28	2.55	2	0.302
837.826416	776.849915	27	27	2.55	2	0.302
882.025391	657.186584	27	27	2.55	3	0.302
878.378357	525.432434	27	27	2.55	3	0.302
889.324768	589.005493	27	27	2.55	4	0.302
893.247742	718.298035	27	27	2.55	4	0.302
895.09137	659.801392	27	29	2.55	5	0.302
892.502625	526.729614	27	28	2.55	5	0.302
935.946411	609.316101	27	28	2.55	6	0.302
931.826111	476.822601	27	28	2.55	6	0.302
910.117126	621.682861	27	27	2.55	7	0.302
905.879211	488.991119	27	27	2.55	7	0.302
885.045349	574.787659	27	27	2.55	8	0.302
881.891113	440.37204	27	28	2.55	8	0.302
903.883972	610.289124	27	27	2.55	9	0.302
900.637024	478.443054	27	28	2.55	9	0.302
860.43634	513.592712	27	28	2.55	10	0.302
864.14801	644.740051	27	27	2.55	10	0.302
873.394958	620.513489	26	28	2.55	11	0.302
868.955566	487.081696	27	27	2.55	11	0.302
925.390381	503.864532	27	28	2.55	12	0.302
922.071411	371.238678	27	28	2.55	12	0.302
912.821594	552.569397	27	28	2.55	13	0.302
908.847778	419.129211	27	27	2.55	13	0.302
863.546448	571.12384	27	27	2.55	14	0.302
858.216431	439.135956	27	28	2.55	14	0.302
894.436279	535.886902	27	27	2.55	15	0.302
892.589478	401.766663	27	28	2.55	15	0.302
866.624084	445.30838	27	27	2.6	1	0.302
869.676758	576.630371	27	27	2.6	1	0.302
837.920837	768.080933	27	27	2.6	2	0.302
840.026611	896.50708	27	28	2.6	2	0.302
889.621155	679.138428	27	27	2.6	3	0.302
893.334534	811.613037	26	28	2.6	3	0.302
847.555176	574.260376	27	27	2.6	4	0.302
848.886719	704.78418	27	28	2.6	4	0.302
850.316711	658.00354	26	28	2.6	5	0.302
845.599976	526.046021	26	28	2.6	5	0.302
831.658875	725.831238	26	27	2.6	6	0.302
835.35498	857.409485	26	28	2.6	6	0.302
839.500916	860.614441	28	27	2.6	7	0.302
836.286499	727.100891	27	27	2.6	7	0.302
820.450684	770.179565	26	29	2.6	8	0.302
825.036804	901.789856	27	28	2.6	8	0.302
812.28418	518.640259	27	27	2.6	9	0.302
810.563049	390.28952	27	27	2.6	9	0.302
800.812622	518.609009	26	28	2.6	10	0.302
805.57196	650.485596	26	28	2.6	10	0.302
828	538.430908	27	27	2.6	11	0.302
826.549194	407.20929	26	28	2.6	11	0.302
867.071289	404.032074	27	27	2.6	12	0.302
871.327393	535.615662	26	28	2.6	12	0.302
838.430359	582.491882	26	27	2.6	13	0.302
834.819336	452.227203	27	27	2.6	13	0.302
814.732849	490.55777	27	28	2.6	14	0.302
820.701965	625.143616	26	27	2.6	14	0.302
836.113953	663.059692	27	27	2.6	15	0.302
830.260376	530.683533	27	27	2.6	15	0.302
891.660645	718.029053	27	27	2.65	1	0.302
896.527161	847.376831	26	28	2.65	1	0.302
856.113525	832.796387	27	28	2.65	2	0.302
852.518921	698.852234	27	27	2.65	2	0.302
921.229004	751.676208	26	28	2.65	3	0.302
919.319641	619.448242	26	28	2.65	3	0.302
876.953003	608.37616	27	28	2.65	4	0.302
882.324951	740.339294	27	27	2.65	4	0.302
936.240479	540.094055	27	27	2.65	5	0.302
941.429626	672.312256	26	28	2.65	5	0.302
934.886475	768.595215	27	26	2.65	6	0.302
931.437866	638.025208	26	27	2.65	6	0.302
930.53125	892.992676	26	27	2.65	7	0.302
928.06012	763.528259	27	27	2.65	7	0.302
928.152283	843.598145	27	26	2.65	8	0.302
932.605103	975.239136	27	27	2.65	8	0.302
929.248169	781.766418	27	27	2.65	9	0.302
932.848633	916.681091	27	27	2.65	9	0.302
1842.431885	483.896729	24	20	2.65	10	0.302
919.063843	806.558411	27	28	2.65	10	0.302
898.696228	797.3255	27	27	2.65	11	0.302
904.124329	930.803589	27	27	2.65	11	0.302
877.327881	729.356873	27	29	2.65	12	0.302
880.061462	861.423157	27	26	2.65	12	0.302
898.508057	759.223633	27	28	2.65	13	0.302
902.5448	892.90863	26	27	2.65	13	0.302
916.745483	651.815857	27	28	2.65	14	0.302
918.922546	781.913513	27	27	2.65	14	0.302
906.574768	774.208984	27	27	2.65	15	0.302
904.31073	642.8125	26	27	2.65	15	0.302
892.761963	778.326538	27	27	2.7	1	0.302
897.188843	908.647461	27	27	2.7	1	0.302
901.699829	794.45929	27	26	2.7	2	0.302
906.739258	927.478577	27	28	2.7	2	0.302
907.898743	882.860779	27	27	2.7	3	0.302
905.851746	750.958435	27	27	2.7	3	0.302
882.049744	950.28363	27	27	2.7	4	0.302
876.833618	815.762329	27	27	2.7	4	0.302
906.165771	762.067383	27	27	2.7	5	0.302
908.605469	895.574524	27	26	2.7	5	0.302
891.282349	771.841553	27	27	2.7	6	0.302
895.687073	903.111511	27	27	2.7	6	0.302
882.412903	841.493713	26	28	2.7	7	0.302
887.021362	974.203186	27	27	2.7	7	0.302
888.042114	769.553101	27	27	2.7	8	0.302
891.24231	902.690796	27	27	2.7	8	0.302
876.874329	744.362488	27	27	2.7	9	0.302
881.5271	875.662476	27	27	2.7	9	0.302
897.561035	768.626587	28	28	2.7	10	0.302
900.085571	899.057068	27	27	2.7	10	0.302
902.353394	822.577393	27	26	2.7	11	0.302
897.906494	692.025208	27	27	2.7	11	0.302
896.2323	801.37384	27	28	2.7	12	0.302
892.380432	670.376831	26	28	2.7	12	0.302
904.498169	783.25	26	27	2.7	13	0.302
902.056824	654.438721	27	28	2.7	13	0.302
921.134277	735.597168	27	28	2.7	14	0.302
923.540466	865.853882	26	28	2.7	14	0.302
882.014465	833.850159	27	27	2.7	15	0.302
879.771179	704.733337	26	27	2.7	15	0.302
1083.318726	646.546448	27	27	2.75	1	0.302
1087.292236	776.842102	27	27	2.75	1	0.302
1131.026855	739.491943	27	28	2.75	2	0.302
1126.592896	609.099976	26	27	2.75	2	0.302
1066.303589	722.329102	27	27	2.75	3	0.302
1072.564209	850.658203	26	27	2.75	3	0.302
1100.94873	788.490845	27	27	2.75	4	0.302
1102.739258	918.18927	27	27	2.75	4	0.302
1063.790527	728.406189	27	28	2.75	5	0.302
1066.465698	861.653442	26	28	2.75	5	0.302
1053.97998	784.016357	27	28	2.75	6	0.302
1057.557007	916.037964	26	27	2.75	6	0.302
1032.054199	1043.325439	27	28	2.75	7	0.302
1026.089722	911.448853	27	27	2.75	7	0.302
1089.261597	831.783142	27	29	2.75	8	0.302
1093.840332	963.517517	26	28	2.75	8	0.302
1086.367187	794.389282	27	27	2.75	9	0.302
1089.177368	923.672791	26	28	2.75	9	0.302
1083.269287	881.561951	26	28	2.75	10	0.302
1084.393921	1011.527649	26	28	2.75	10	0.302
1071.258667	751.710388	27	27	2.75	11	0.302
1072.597412	882.628174	26	27	2.75	11	0.302
1059.095703	830.485535	27	28	2.75	12	0.302
1064.459473	964.255859	27	27	2.75	12	0.302
1083.713501	897.486511	27	28	2.75	13	0.302
1078.469482	765.447815	26	28	2.75	13	0.302
1142.954834	801.306885	27	28	2.75	14	0.302
1146.675049	934.764832	27	27	2.75	14	0.302
1044.123047	1052.583496	26	28	2.75	15	0.302
1046.171875	1184.703125	27	28	2.75	15	0.302
906.882751	1116.568359	27	28	2.8	1	0.302
904.928467	984.08728	27	29	2.8	1	0.302
912.202515	930.030457	27	28	2.8	2	0.302
916.855347	1062.726807	27	28	2.8	2	0.302
899.404724	980.843933	28	28	2.8	3	0.302
901.273682	1110.483032	27	28	2.8	3	0.302
912.912659	1034.607788	27	28	2.8	4	0.302
915.457275	1165.254395	26	27	2.8	4	0.302
906.25177	983.125	27	27	2.8	5	0.302
909.879883	1112.287964	27	28	2.8	5	0.302
900.091248	886.658752	27	28	2.8	6	0.302
904.630188	1019.581665	26	27	2.8	6	0.302
927.134644	1009.567322	27	27	2.8	7	0.302
922.605042	875.649902	27	27	2.8	7	0.302
918.145203	865.744507	27	27	2.8	8	0.302
922.688416	998.240967	27	27	2.8	8	0.302
940.987305	962.44281	27	26	2.8	9	0.302
936.652283	830.673889	27	27	2.8	9	0.302
907.329773	1115.602539	26	28	2.8	10	0.302
902.112122	984.526672	27	27	2.8	10	0.302
929.363159	931.080322	26	27	2.8	11	0.302
934.13678	1060.483154	27	28	2.8	11	0.302
971.089905	893.336304	27	28	2.8	12	0.302
975.174377	1026.822021	27	27	2.8	12	0.302
953.745483	970.461792	27	27	2.8	13	0.302
958.992798	1104.588867	27	27	2.8	13	0.302
915.272888	1053.526367	28	28	2.8	14	0.302
920.361755	1188.312988	27	28	2.8	14	0.302
956.512756	995.697083	26	27	2.8	15	0.302
960.866882	1126.908325	27	27	2.8	15	0.302
995.976562	465.427032	27	30	2.85	1	0.302
992.342346	334.825409	27	32	2.85	1	0.302
1045.436646	328.559937	28	30	2.85	2	0.302
1042.133057	196.219162	27	30	2.85	2	0.302
1009.587524	426.526794	26	28	2.85	3	0.302
1006.771545	296.659058	27	29	2.85	3	0.302
976.894653	483.348206	26	28	2.85	4	0.302
971.441895	349.75528	27	27	2.85	4	0.302
940.779358	314.330963	27	27	2.85	5	0.302
939.868713	185.978119	28	29	2.85	5	0.302
955.559143	403.023285	26	27	2.85	6	0.302
947.440186	274.811096	27	29	2.85	6	0.302
965.106018	285.287994	27	28	2.85	7	0.302
962.338135	154.690598	28	30	2.85	7	0.302
928.302551	503.429352	26	28	2.85	8	0.302
923.788879	372.889099	27	27	2.85	8	0.302
941.177429	486.035828	27	27	2.85	9	0.302
936.763367	355.177948	28	27	2.85	9	0.302
910.89856	565.086975	27	27	2.85	10	0.302
907.623169	434.005432	26	27	2.85	10	0.302
929.55658	546.844177	26	27	2.85	11	0.302
924.042053	413.965271	27	27	2.85	11	0.302
947.450745	455.82663	26	27	2.85	12	0.302
950.355103	588.373169	27	26	2.85	12	0.302
888.77655	724.56958	26	27	2.85	13	0.302
884.576904	592.146545	27	27	2.85	13	0.302
915.530273	784.998169	26	27	2.85	14	0.302
911.592712	652.710937	26	27	2.85	14	0.302
980.814453	546.478638	27	26	2.85	15	0.302
976.076355	415.832733	27	27	2.85	15	0.302
944.533936	559.071533	27	27	2.9	1	0.302
939.476624	427.280579	26	28	2.9	1	0.302
932.532837	620.549255	26	28	2.9	2	0.302
927.602905	488.311462	26	27	2.9	2	0.302
936.520203	632.259216	26	28	2.9	3	0.302
940.016418	764.46167	27	26	2.9	3	0.302
976.685364	690.117554	28	27	2.9	4	0.302
971.632935	560.186279	26	27	2.9	4	0.302
934.956177	758.071167	27	28	2.9	5	0.302
931.560364	628.951355	26	28	2.9	5	0.302
965.828735	672	27	27	2.9	6	0.302
960.076355	540.510925	27	27	2.9	6	0.302
955.449341	740.292847	27	27	2.9	7	0.302
950.415771	608.335144	27	26	2.9	7	0.302
951.606628	706.720581	27	27	2.9	8	0.302
948.052917	574.363159	27	27	2.9	8	0.302
990.632751	579.23999	26	27	2.9	9	0.302
985.976562	447.933319	27	27	2.9	9	0.302
951.172546	613.756958	27	27	2.9	10	0.302
947.065674	482.877747	27	27	2.9	10	0.302
952.976379	613.285461	27	28	2.9	11	0.302
949.63092	481.198181	26	27	2.9	11	0.302
968.32605	575.670288	27	27	2.9	12	0.302
964.611511	444.023376	26	27	2.9	12	0.302
893.510071	601.939453	26	27	2.9	13	0.302
899.402527	734.446289	26	28	2.9	13	0.302
946.299255	637.242676	26	28	2.9	14	0.302
943.366882	508.911865	26	28	2.9	14	0.302
974.323059	504.733215	26	27	2.9	15	0.302
970.126099	373.83783	27	27	2.9	15	0.302
970.501892	701.473694	27	26	2.95	1	0.302
965.199219	571.860901	27	27	2.95	1	0.302
983.351196	699.210693	27	27	2.95	2	0.302
979.288574	567.409912	26	26	2.95	2	0.302
952.765442	608.947266	26	27	2.95	3	0.302
948.153992	479.103271	27	27	2.95	3	0.302
943.463562	543.754883	26	29	2.95	4	0.302
939.611572	413.862915	26	28	2.95	4	0.302
956.606567	637.377075	26	27	2.95	5	0.302
954.249084	510.124542	26	27	2.95	5	0.302
947.262207	584.316467	26	27	2.95	6	0.302
941.598572	455.303741	27	28	2.95	6	0.302
879.727417	572.770752	27	29	2.95	7	0.302
877.791016	443.09549	26	27	2.95	7	0.302
910.669067	445.260803	26	28	2.95	8	0.302
907.215149	311.844788	27	28	2.95	8	0.302
941.64325	560.043213	26	29	2.95	9	0.302
939.50354	432.620575	26	28	2.95	9	0.302
908.813843	639.715332	27	28	2.95	10	0.302
902.725464	507.992737	27	27	2.95	10	0.302
975.524658	589.142578	27	27	2.95	11	0.302
971.291382	458.030579	27	27	2.95	11	0.302
940.956421	501.774963	27	27	2.95	12	0.302
934.332764	371.350616	27	27	2.95	12	0.302
938.43634	545.232727	26	28	2.95	13	0.302
935.166382	415.949371	26	27	2.95	13	0.302
960.376587	403.551361	26	29	2.95	14	0.302
966.530579	536.138489	26	27	2.95	14	0.302
922.863647	508.361816	26	27	2.95	15	0.302
919.245544	377.983978	27	27	2.95	15	0.302
923.277039	795.963318	27	27	3	1	0.302
918.482666	665.799622	27	27	3	1	0.302
908.715881	808.592224	27	27	3	2	0.302
913.538452	939.067749	26	27	3	2	0.302
936.765259	586.549011	27	27	3	3	0.302
940.816833	717.324158	27	27	3	3	0.302
988.076477	733.132446	27	27	3	4	0.302
982.887451	604.416992	27	27	3	4	0.302
944.318787	803.868835	26	27	3	5	0.302
940.147522	675.036438	27	27	3	5	0.302
876.46814	771.848816	26	27	3	6	0.302
880.908081	901.929749	27	27	3	6	0.302
941.455017	753.798157	26	27	3	7	0.302
937.607361	624.992676	26	27	3	7	0.302
889.397461	837.206909	27	27	3	8	0.302
894.305359	967.416077	27	27	3	8	0.302
947.291382	770.958618	27	29	3	9	0.302
943.509827	639.20752	26	27	3	9	0.302
910.694824	732.424622	27	27	3	10	0.302
906.255493	600.919128	27	27	3	10	0.302
928.385315	635.54126	27	27	3	11	0.302
924.389099	502.747284	27	27	3	11	0.302
923.734436	693.963379	27	27	3	12	0.302
920.148804	534.491821	27	27	3	12	0.302
945.11615	818.987305	27	27	3	13	0.302
943.261353	690.127014	27	27	3	13	0.302
884.02356	969.164856	27	27	3	14	0.302
879.818665	839	27	27	3	14	0.302
932.812073	746.476257	27	27	3	15	0.302
938.09967	876.793579	27	28	3	15	0.302
